fp,sim_re,p_re,in_deg
0.2750555399716854,0.298,0.27519780278712785,256.0
0.06480511444108572,0.061,0.06512715029418144,184.0
0.5652723003919178,0.575,0.5645867517938604,138.0
0.2940552636919528,0.292,0.29456863044616216,110.0
0.770532666696294,0.77,0.7693778600052548,83.0
0.06681605803864521,0.063,0.06767752724961608,85.0
0.1266998529799952,0.142,0.12848504708317052,62.0
0.07834837078346013,0.095,0.07984661411892671,51.0
0.6944714517806456,0.693,0.6940943847890123,52.0
0.5031428694396376,0.505,0.5025589764215818,50.0
0.10688868947922092,0.103,0.10817461454680798,49.0
0.1292142204012212,0.135,0.13127387468283575,45.0
0.6106228103507174,0.618,0.6081285107057621,40.0
0.660676539201434,0.699,0.6598611396467416,38.0
0.47105172031631304,0.459,0.470675683687262,37.0
0.578803483219061,0.553,0.5776892088628839,35.0
0.7152102693205249,0.711,0.7131708892332581,34.0
0.6826305828624926,0.672,0.6781450337429743,34.0
0.2749392080380707,0.272,0.27524660280084656,32.0
0.579555375624191,0.589,0.5768747859956707,30.0
0.07761865224480435,0.089,0.07936279456604772,31.0
0.21176331305908802,0.216,0.21260536872637303,30.0
0.20331601866737592,0.221,0.20573345809889507,30.0
0.282009261927159,0.272,0.28793831680640586,28.0
0.15479020593913495,0.157,0.1579490156437341,29.0
0.6225049506422466,0.623,0.6234881525232098,28.0
0.06748801227330958,0.07,0.06996549831216217,27.0
0.3477005112861319,0.341,0.3458169943263943,27.0
0.7225474614908725,0.713,0.7180189257152922,27.0
0.09671494854406981,0.093,0.09946017555925377,25.0
0.42897158224481247,0.422,0.43044577142589796,26.0
0.5505395474834015,0.567,0.5460790399290288,25.0
0.6115428336257722,0.579,0.6046100651855889,25.0
0.10097457629475537,0.107,0.10283094389269279,24.0
0.07642421221898688,0.09,0.07792314018679442,24.0
0.4060049498910143,0.41,0.40689819494861057,23.0
0.7181911156146056,0.717,0.7130569492257937,22.0
0.756548672126465,0.762,0.7505522788176064,22.0
0.07573930791089256,0.083,0.07741813717261381,22.0
0.247317783687511,0.246,0.2505919173709238,22.0
0.31831286226346844,0.313,0.3189432392611552,22.0
0.28476921276041567,0.303,0.29300200869250437,22.0
0.5886633473276206,0.579,0.58397789036218,21.0
0.23747802815377073,0.241,0.2437026425202067,21.0
0.12858145694677992,0.127,0.13239988069938222,18.0
0.20079397080864836,0.208,0.20648430373010182,20.0
0.5440682789392455,0.537,0.5370584135420419,20.0
0.4189076989586389,0.402,0.42066635246671485,20.0
0.10962088732322683,0.111,0.11298762728705079,19.0
0.6081793007310048,0.567,0.6039308789174511,19.0
0.76540007774593,0.76,0.7607963966810112,19.0
0.6128868106630199,0.61,0.6113312529225376,18.0
0.12225652217389937,0.118,0.12623653089352438,18.0
0.7030509369151261,0.684,0.7008299466388753,18.0
0.6965867682335483,0.679,0.689253340998671,18.0
0.6183215946947276,0.603,0.6104760621374062,18.0
0.09053696252937304,0.092,0.09357473908523037,17.0
0.6289257250904807,0.625,0.6295388931266201,17.0
0.6592070154058924,0.664,0.6514083419953351,17.0
0.7188418801417246,0.685,0.7148646076513565,17.0
0.08322178087279153,0.084,0.08722576473282333,17.0
0.10932499975571042,0.116,0.1160296759768122,17.0
0.05147326893036108,0.043,0.05422868312518426,17.0
0.38170779450190195,0.388,0.38798421405025996,17.0
0.2454255844252533,0.241,0.2491191425408783,16.0
0.756637654152425,0.729,0.7486174530407229,16.0
0.07302143789043047,0.099,0.07858650734365802,16.0
0.5798532743128577,0.597,0.580947224272752,16.0
0.47277394202269163,0.475,0.4746567370413751,16.0
0.09650585975529724,0.094,0.10117917171792724,16.0
0.22438777456777925,0.221,0.22747159398401545,16.0
0.4841314822326772,0.457,0.4785154615485747,16.0
0.28640745255440825,0.255,0.2865871883973488,16.0
0.12588270982959027,0.119,0.12958007235224908,15.0
0.11392785298044439,0.11,0.11700959193574302,16.0
0.20676708337592953,0.216,0.2116048203427394,16.0
0.33789450501973395,0.334,0.3421483660786203,16.0
0.2770995972950875,0.269,0.2824606680791453,15.0
0.48586656663692207,0.488,0.48503824975982,15.0
0.18379998916650642,0.192,0.18916547890629068,15.0
0.27187306613795714,0.284,0.2817075937896762,15.0
0.1914790441434756,0.19,0.19699980610832424,15.0
0.7201361150232641,0.698,0.7097876855007041,15.0
0.1805295877139641,0.197,0.18986037028978084,15.0
0.5694281547724864,0.599,0.5659989525309039,15.0
0.6524149454433548,0.654,0.650279687120889,15.0
0.7258765443034317,0.706,0.7179416452482255,15.0
0.6000438881516702,0.643,0.5976338325066667,14.0
0.07626094443746545,0.078,0.08134154916864182,15.0
0.6936193920460435,0.683,0.6890860551100012,14.0
0.5950988558460681,0.572,0.5921473694553645,13.0
0.7924729622864369,0.785,0.7858851806833433,14.0
0.11644735935328276,0.131,0.12090270240143498,14.0
0.45908682875211526,0.476,0.4599911486043644,14.0
0.21330967589603467,0.227,0.21899999894241926,14.0
0.05980280611952404,0.06,0.06315998114516673,14.0
0.09886094445694549,0.095,0.10479891286052213,14.0
0.07197750378164136,0.078,0.07565892311386825,14.0
0.5163035850296049,0.522,0.5143403726253545,14.0
0.12558699184878241,0.143,0.13115077953818008,14.0
0.28729431071297984,0.301,0.294374900147694,14.0
0.09065542636058899,0.089,0.09614431931818838,14.0
0.4491773581116142,0.425,0.45290835935878415,13.0
0.6676375025984541,0.684,0.6599863475787601,13.0
0.34985795417041654,0.363,0.3530033831948576,13.0
0.6903549358615004,0.656,0.6840119678440221,13.0
0.7998681057650748,0.801,0.7923456528698828,13.0
0.3651813130385544,0.392,0.3677513848174535,13.0
0.11489481925780465,0.114,0.12356114410171237,12.0
0.08136481131299333,0.081,0.08764282113159784,13.0
0.4630158224977834,0.467,0.4616945359911232,13.0
0.09757940847933355,0.087,0.10549311840856322,13.0
0.7215402952367711,0.715,0.7141086530981544,13.0
0.5175127889085109,0.531,0.5103571144813098,13.0
0.07205874850286875,0.072,0.07672328656943081,13.0
0.5024040911116506,0.494,0.5018706059397932,13.0
0.7767031424312583,0.764,0.7670923304422549,13.0
0.06828834973024678,0.07,0.07501104834547534,13.0
0.6728514934866092,0.685,0.6669947281700304,12.0
0.2591748775846674,0.272,0.26208211086353267,12.0
0.40520217690736515,0.421,0.4051542755467227,11.0
0.5326317457561182,0.527,0.5286061208579672,11.0
0.062016186424974196,0.055,0.0670431323721016,12.0
0.6302079649118844,0.629,0.6242057366585453,12.0
0.1510556982329263,0.153,0.15513281378741642,12.0
0.21884608032489694,0.238,0.22883240331902702,12.0
0.05025167950098319,0.043,0.053785461673786006,12.0
0.7156809474977801,0.718,0.7079356820616781,12.0
0.050576222301008444,0.038,0.05398481218357388,12.0
0.743762251928724,0.711,0.7335280166114004,12.0
0.6127373252040351,0.618,0.604555134957517,12.0
0.12564709798596152,0.125,0.1332591957459385,12.0
0.6896111396560083,0.677,0.6825521121174662,12.0
0.47606461284693014,0.471,0.47812588272595197,12.0
0.08999193788388815,0.091,0.09591282102985049,12.0
0.4250649353586424,0.435,0.42261253492024115,12.0
0.6019167202853608,0.587,0.6009746405227465,12.0
0.6313989787887963,0.627,0.6186261836015514,11.0
0.09086320158664862,0.11,0.09720322074612982,11.0
0.7493841720126861,0.745,0.7408063792986287,11.0
0.08041517635420803,0.088,0.08398299928739451,11.0
0.21572244412890318,0.217,0.22401594350097453,11.0
0.13090339066355205,0.116,0.13846188917435412,11.0
0.09531372490867096,0.092,0.10279878449476701,11.0
0.40171730484366985,0.435,0.40820548291541253,11.0
0.07412121001379135,0.085,0.07953170659593889,11.0
0.5856678880698504,0.549,0.5851725773153243,11.0
0.5853210053816128,0.558,0.5847613574806955,11.0
0.21913387617350955,0.228,0.2253954224529042,11.0
0.7215050383423465,0.713,0.7097582513922872,11.0
0.14956100694695262,0.156,0.1584129674884116,11.0
0.08784204966312492,0.079,0.09358633284110955,11.0
0.4094391278674283,0.443,0.4153435968053821,11.0
0.054807309161907014,0.046,0.058241667568107516,11.0
0.11426596332088346,0.102,0.12114823909384062,11.0
0.6113610886692101,0.588,0.6059381347649857,11.0
0.4472673542901102,0.453,0.4465959313393604,11.0
0.09966722086879998,0.106,0.10696277555926387,11.0
0.31118379726118117,0.338,0.32698349303860935,11.0
0.09958988203520558,0.11,0.10704472382941549,11.0
0.5015076552945079,0.495,0.4970558725496354,11.0
0.6588840044387958,0.656,0.6537259438376299,11.0
0.7304345782758965,0.712,0.7231920164021364,11.0
0.16748438499563367,0.169,0.17452368099771123,11.0
0.3851195511702886,0.389,0.3884466508600153,10.0
0.13525209318836096,0.138,0.1418405547516009,11.0
0.4789781654279951,0.508,0.4795617643830897,11.0
0.32002385072889583,0.349,0.31913171767056514,11.0
0.5839723510805221,0.561,0.5785147646737702,11.0
0.7817145391259633,0.756,0.7701173593363306,10.0
0.3768442311792307,0.383,0.38287754312901434,10.0
0.2562582054168827,0.262,0.2678097623966408,10.0
0.447560663655596,0.443,0.44878978199409464,10.0
0.08824681652113842,0.106,0.09504412345035547,10.0
0.08661192214331603,0.101,0.09331081422909526,10.0
0.1341505069819794,0.134,0.14276624304715058,10.0
0.7353226300401838,0.707,0.7224257985563661,10.0
0.5883462693812374,0.57,0.580923202757917,10.0
0.09922467993485251,0.108,0.10956837254022742,10.0
0.643654362739982,0.624,0.641130487438587,10.0
0.08178368735753638,0.088,0.08801241199692768,10.0
0.06940511875843658,0.074,0.07423055547819626,10.0
0.7835762126993964,0.792,0.773187660991112,10.0
0.30888986472766766,0.314,0.3219879146806389,10.0
0.5798447953354984,0.596,0.5808490213766843,10.0
0.28327180254586015,0.266,0.29126521981028625,10.0
0.639355225630311,0.629,0.6350927734126601,10.0
0.3827100560539337,0.379,0.38949018605740027,10.0
0.431881501315295,0.423,0.4300732864743795,10.0
0.13333467533380539,0.141,0.14425453760711468,10.0
0.27672353804688843,0.303,0.28250291649070375,10.0
0.1271089291022609,0.139,0.13415406081725437,10.0
0.27426661560091736,0.268,0.28610854589252344,10.0
0.5942765580953753,0.566,0.5921359628211639,10.0
0.2657542366380625,0.269,0.275908521361757,10.0
0.3095376903465582,0.29,0.31786548579305424,10.0
0.5373619210828763,0.571,0.5327954843886901,10.0
0.1665347695253928,0.155,0.17332873740289148,10.0
0.07849853912348848,0.097,0.08481314159690213,10.0
0.5108382493074888,0.519,0.5095861705645149,10.0
0.1197497973174485,0.129,0.1256876964534033,10.0
0.5472184303867449,0.53,0.5477507702393934,10.0
0.3184996820554544,0.334,0.3276632383975088,10.0
0.6433963509482967,0.62,0.6341895629056331,10.0
0.07902383555719272,0.078,0.08470289841624609,10.0
0.7855859348762259,0.773,0.7724428305221253,10.0
0.7335103161294703,0.739,0.7285637880430612,9.0
0.09867926854610776,0.105,0.10433911951194316,9.0
0.2701638488440692,0.292,0.2827325767940782,9.0
0.4171605145503875,0.406,0.42081170600246953,9.0
0.166441186362566,0.193,0.1785406652568758,9.0
0.5284575600331475,0.535,0.5332462989785673,9.0
0.6833170788232806,0.672,0.6736567995757557,9.0
0.6698341292242767,0.662,0.6614424741224099,9.0
0.1230093311665893,0.124,0.13122214428267742,9.0
0.2282083401194812,0.241,0.24303692884795614,9.0
0.18618566905174772,0.21,0.1986609362453287,9.0
0.6509816241927118,0.614,0.643240522709023,9.0
0.3802034431431749,0.407,0.38928624368288584,9.0
0.16731436258552324,0.159,0.1829777245339415,9.0
0.568830831041771,0.572,0.5665178921993135,9.0
0.7250106827582736,0.715,0.7131680542082753,9.0
0.47665239094685574,0.466,0.47484834747894883,9.0
0.6404849788008826,0.636,0.6308910719412434,9.0
0.41706318322875946,0.414,0.41815704858700675,9.0
0.7630820345676748,0.752,0.7464013806511849,9.0
0.3694060452103759,0.357,0.37174862022071653,9.0
0.4099494722850542,0.405,0.4102202386456952,9.0
0.47941635410401606,0.47,0.4848975431465592,9.0
0.43296799175484346,0.423,0.43509650988503346,9.0
0.4919604630250921,0.499,0.4936535795445177,9.0
0.08708494142673284,0.109,0.09606735051811344,9.0
0.08266000186735112,0.103,0.0910890508283524,9.0
0.12195549163293895,0.108,0.13157718655597325,9.0
0.538116963712741,0.509,0.535264555385801,9.0
0.5919406852829445,0.558,0.5882810216370973,9.0
0.39288141182066805,0.424,0.3996883406816832,9.0
0.650470701268573,0.636,0.6423332615223453,9.0
0.7217453615077403,0.716,0.7099775403655629,9.0
0.2139851547742735,0.232,0.2231132252103347,9.0
0.14810640385399154,0.174,0.15733911120384983,9.0
0.08560908910021803,0.08,0.09429848601084467,9.0
0.08540741957031961,0.103,0.09131783397478899,9.0
0.377130999918173,0.369,0.38284685702261206,9.0
0.0678588684773761,0.065,0.07509578200520962,9.0
0.20560463675987306,0.227,0.21398312866495103,9.0
0.3249466294073079,0.365,0.33364113605957835,9.0
0.28020517231610065,0.296,0.2896831982799165,9.0
0.5126133569440268,0.5,0.5113746036728672,9.0
0.755905371864145,0.729,0.7425852893266459,9.0
0.5677441244804153,0.591,0.560052795735068,9.0
0.36209622526606633,0.378,0.3671157359442415,8.0
0.6289757187094851,0.602,0.6220673827897748,9.0
0.396402521018715,0.391,0.4020535377359637,9.0
0.4433198694848903,0.443,0.44478986123823505,9.0
0.1896408765733435,0.2,0.20644373796868876,9.0
0.06564457832632309,0.073,0.07112756144027399,9.0
0.415152605340125,0.417,0.4193273836022777,9.0
0.4058551970347227,0.397,0.4076026425956651,9.0
0.4129762078297714,0.402,0.4118665282322414,9.0
0.4238480240194131,0.454,0.4298372501559238,9.0
0.5375201795607896,0.576,0.5326835776517823,9.0
0.35933819369626363,0.37,0.3639618687458664,9.0
0.7823618914867718,0.793,0.7777985997369206,9.0
0.5676429804937828,0.566,0.5613538815346751,8.0
0.09371968449161394,0.096,0.10166968871479108,9.0
0.24737807926546473,0.277,0.2555613383801976,9.0
0.5984378046889404,0.595,0.5921711253533798,9.0
0.0629078710075065,0.053,0.06817877637868885,9.0
0.18473558534481183,0.189,0.192747343798532,9.0
0.39446862934815785,0.396,0.4055969726400258,8.0
0.2543815448146478,0.283,0.267410713576654,8.0
0.417917956019874,0.437,0.41870765026237045,8.0
0.3689039583813474,0.373,0.3835730348253104,8.0
0.5712225042954225,0.591,0.5676921701868961,8.0
0.12831397938397993,0.142,0.13993578346736602,8.0
0.46165256607098326,0.473,0.46553389916961363,8.0
0.1492346507870148,0.175,0.15879895792419946,8.0
0.11670395695519653,0.126,0.1294094655897651,8.0
0.16934579520427961,0.158,0.1817514293342465,8.0
0.27175852284021496,0.298,0.2808864036552454,8.0
0.5085708163259184,0.525,0.5075241812625747,8.0
0.06269180530461826,0.065,0.06839973346011038,8.0
0.5079088910284889,0.493,0.5071602628020851,8.0
0.22210667240921633,0.231,0.23314729013803714,8.0
0.713670308887893,0.684,0.7009701825496006,8.0
0.25042077823861286,0.261,0.26408311115875055,8.0
0.26041785817751817,0.263,0.26754103862801154,8.0
0.6736041922972226,0.662,0.668140998374859,8.0
0.11097131198394994,0.113,0.12231333867058627,8.0
0.21859601451670485,0.207,0.2264515207495757,8.0
0.1372055928557664,0.163,0.14671291787568258,8.0
0.5218578676988277,0.52,0.5220101603240974,8.0
0.5280015562736231,0.532,0.5332174439273679,8.0
0.3497401146251675,0.356,0.35801560363618345,8.0
0.08465115548183966,0.096,0.0915614903944438,8.0
0.7989619999957097,0.763,0.7836828329868522,8.0
0.7638427051202581,0.76,0.7501812278964588,8.0
0.5155061929423472,0.527,0.5182977245645822,8.0
0.6795274519736767,0.655,0.6634811969106301,8.0
0.396139875719691,0.4,0.4004244357706132,8.0
0.6941472817616492,0.692,0.6834704832253673,8.0
0.6173421214683378,0.598,0.6102560099226868,8.0
0.09068767243338816,0.101,0.09900173016659464,8.0
0.13110187328013223,0.159,0.1399159266830194,8.0
0.2555577747975074,0.259,0.2601435762321729,8.0
0.4230864055185223,0.414,0.4230047136406421,8.0
0.2926851936616802,0.283,0.30283324293536334,8.0
0.19053384056058786,0.204,0.20760109773706886,8.0
0.3027542165134768,0.336,0.3131311771389264,8.0
0.6865447440156693,0.684,0.6778891841307448,8.0
0.12880087532608142,0.121,0.13923541524557678,8.0
0.3454685384046998,0.367,0.3563984013272155,8.0
0.4631296443018209,0.456,0.4656049648406134,8.0
0.31622783541514965,0.33,0.3223415437887457,8.0
0.3750375108528211,0.371,0.38313692801348476,8.0
0.09280804847967972,0.097,0.10016094535529882,8.0
0.05805556946661872,0.065,0.06477548510012397,8.0
0.6260098728190687,0.618,0.61355723534115,8.0
0.11293591506937484,0.139,0.12364797478207513,8.0
0.5124034617094961,0.516,0.5130685114110813,8.0
0.2689320578636428,0.268,0.28033296923489187,8.0
0.6052884993678227,0.594,0.595616203116473,8.0
0.41131750071893625,0.411,0.41548924937210235,7.0
0.22559891671024646,0.235,0.23897856909669102,7.0
0.29663539568265895,0.306,0.3058951970424081,7.0
0.47720860896751216,0.478,0.47120806596688597,7.0
0.08787897272765,0.097,0.09831276775665992,7.0
0.259178114348247,0.275,0.27281881287801385,7.0
0.16717997687837705,0.191,0.18737874222844506,7.0
0.61326378810374,0.62,0.6087583056217355,7.0
0.4153450107355722,0.411,0.4220223574003838,7.0
0.14701797226978608,0.162,0.1588502571930061,7.0
0.0815862250151802,0.089,0.08966722406500646,7.0
0.40501980069754273,0.398,0.4178957065344529,7.0
0.7281393578849227,0.727,0.7187883028220755,7.0
0.31297479389150995,0.327,0.32538758512355725,7.0
0.21094800280797632,0.206,0.22336364723584293,7.0
0.22842675194167472,0.255,0.2424969225092185,7.0
0.28934282676516987,0.283,0.29661582814288223,7.0
0.08066433549977625,0.1,0.09176754036634312,7.0
0.12975279981576893,0.138,0.1389237149964076,7.0
0.4703948089671852,0.476,0.47730645597746535,7.0
0.6403785724865174,0.627,0.6250018964269896,7.0
0.7752200442028313,0.756,0.7618769419885209,7.0
0.56805141148194,0.555,0.5620751434955263,7.0
0.4606519810459996,0.476,0.46942422656424476,7.0
0.4351405280018733,0.461,0.4402520709738911,7.0
0.6701767642396277,0.648,0.6545508195795876,7.0
0.32914130449954515,0.342,0.3365179968069465,7.0
0.06263069535504451,0.075,0.06938708309513378,7.0
0.6499062384971397,0.627,0.6432929669626637,7.0
0.09071874787905942,0.082,0.09817794891283377,7.0
0.06715829071138579,0.073,0.0789282845350425,7.0
0.05906155823449588,0.07,0.06564141582450357,7.0
0.10770828461191562,0.108,0.12271768298982978,7.0
0.3294556717005589,0.331,0.33969541042788687,7.0
0.3868180072280727,0.392,0.3961126199677887,7.0
0.17525285027140025,0.2,0.1929256485092333,7.0
0.8310689062564804,0.821,0.8133939605338958,7.0
0.24691902980641778,0.259,0.25773190394500933,7.0
0.5265069826817581,0.539,0.5221781759649843,7.0
0.43866416017750154,0.464,0.44601931168497766,7.0
0.2544845523561563,0.273,0.269003039031524,7.0
0.10576149753379116,0.103,0.1172399967175011,7.0
0.4093733956930289,0.411,0.4175020005809698,7.0
0.21616689217169205,0.25,0.2261202917121363,7.0
0.5996095630551221,0.596,0.5959630337726083,7.0
0.24704472142769862,0.258,0.256568936499579,7.0
0.19751937076052906,0.199,0.21523258230828676,7.0
0.5278201556881991,0.523,0.5279119486195875,7.0
0.7575271148346532,0.771,0.747451508935267,7.0
0.15911323384269505,0.18,0.17025811405648542,7.0
0.4140266087696809,0.414,0.41863344445198125,7.0
0.11769758267731056,0.124,0.13163326827641403,7.0
0.6056722986114151,0.587,0.5961036302209799,7.0
0.2573342965730354,0.264,0.2700535063253368,7.0
0.5217998419389533,0.507,0.5184653942869841,7.0
0.0745078044836992,0.097,0.08157752695934818,7.0
0.08602245461825597,0.087,0.09348372811554845,7.0
0.5399109004530886,0.528,0.5314635589985872,7.0
0.37256747179366323,0.364,0.3813776226746337,7.0
0.4014439500110438,0.41,0.411251051269578,7.0
0.47036510301318524,0.497,0.48165768467821685,7.0
0.41852898282075157,0.41,0.42659340515092015,6.0
0.09800537634025386,0.123,0.11025727974730608,7.0
0.5107033755875698,0.517,0.5100963559182677,7.0
0.09027516081865039,0.108,0.09930232601296936,7.0
0.1317165573770116,0.149,0.14212431297907038,7.0
0.1641277076590827,0.178,0.17611936566969802,7.0
0.10155524377785208,0.113,0.11247974969010031,7.0
0.46969995705556367,0.491,0.4755432569286366,7.0
0.0685987321007463,0.087,0.08023481241039439,7.0
0.5494837896246583,0.566,0.5511692581332112,7.0
0.6001709271077584,0.614,0.5951705562782272,7.0
0.7595020600709242,0.749,0.7459237555774686,7.0
0.2586778209253734,0.249,0.27341841527501676,7.0
0.6867766273130931,0.687,0.6728382028395741,7.0
0.13294442725439548,0.127,0.14609572342175264,7.0
0.16507342967150862,0.206,0.18132369472957854,7.0
0.4847527358244623,0.461,0.4859332801047399,7.0
0.23192271672063214,0.215,0.2383672702692092,7.0
0.15780981113296288,0.164,0.17319387306531558,7.0
0.6229773774726661,0.619,0.6151364364527618,7.0
0.6766884015383859,0.68,0.6706032456242415,7.0
0.586118397166091,0.589,0.5769754067012888,7.0
0.2511685244297095,0.241,0.26843599855680206,7.0
0.31208655055771894,0.335,0.32500636935447685,7.0
0.7057676403913065,0.702,0.6952911011583925,7.0
0.6020136140077965,0.61,0.5971866346912473,7.0
0.6202535250044372,0.594,0.6082652946564292,7.0
0.6981509281815255,0.696,0.6940396307934941,7.0
0.5218966854555833,0.474,0.5172263715509713,7.0
0.13138736293150555,0.133,0.14196030602925208,7.0
0.6648803394980991,0.664,0.6580592376501009,7.0
0.2266840436557077,0.249,0.24143379056246175,7.0
0.14194687533486472,0.156,0.16076981517297548,6.0
0.32428508515627474,0.339,0.33607583595490115,6.0
0.17576345343790223,0.195,0.18643706513787497,6.0
0.7443414345271706,0.737,0.7208627653583979,6.0
0.4834683746506411,0.481,0.48677286784317536,6.0
0.3149750330640546,0.309,0.3202470218972081,6.0
0.22817085575689533,0.244,0.2411354683944112,6.0
0.5538185058267961,0.544,0.5525028090871049,6.0
0.450883653096237,0.432,0.45292646171431633,6.0
0.06718963783634169,0.081,0.07590805353791363,6.0
0.6749299725272195,0.658,0.6594353251148222,6.0
0.32941233581264096,0.337,0.3468509557902952,6.0
0.08884223433443528,0.101,0.09933959368382358,6.0
0.0880438687489219,0.102,0.0985492790564363,6.0
0.6223923957348001,0.636,0.6171875998701736,6.0
0.2503543618669465,0.264,0.2695115016074828,6.0
0.062328463749185437,0.063,0.0695960672992318,6.0
0.33560590532184154,0.347,0.3462653887862727,6.0
0.7101624551883643,0.716,0.6992423793038073,6.0
0.6471212597666476,0.63,0.6374271905111366,6.0
0.07514823580491692,0.076,0.08626764736864452,6.0
0.644275976288757,0.621,0.6263856167334909,6.0
0.6671985297265477,0.671,0.6594663645837539,6.0
0.36593067413812796,0.379,0.3811163338692129,6.0
0.6531435185105506,0.635,0.638384459354299,6.0
0.44526229317564614,0.457,0.4530609694820282,6.0
0.10289728674300225,0.103,0.11507822522673086,6.0
0.12090017711735412,0.148,0.13643592392571607,6.0
0.625456162924628,0.637,0.6214111412599617,6.0
0.2913707334648026,0.32,0.2973556315814475,6.0
0.5597606421003221,0.557,0.545381872229091,6.0
0.5265214300807457,0.51,0.5172054152960303,6.0
0.8013724495410631,0.797,0.7850733756994461,6.0
0.41998412932330687,0.42,0.42811962203070475,6.0
0.13639333314120905,0.154,0.15169761849647542,6.0
0.08635370579259483,0.107,0.09750739526498181,6.0
0.769129402885261,0.748,0.7502540831859246,6.0
0.07627559576518173,0.074,0.08772447804454733,6.0
0.24885939653189426,0.274,0.26523634953940517,6.0
0.6856625647840637,0.643,0.6703242584646593,6.0
0.7155992805618019,0.689,0.7007790009079802,6.0
0.4328250885396293,0.426,0.439685863827045,6.0
0.5195892986880548,0.499,0.5159109474304782,6.0
0.5089036477483233,0.523,0.5118734773153,6.0
0.7951484184112825,0.784,0.7800999821464756,6.0
0.2089874469415126,0.218,0.2224951483965616,6.0
0.09670297571143749,0.106,0.10468755676000474,6.0
0.06328519671297872,0.065,0.07344212125853752,6.0
0.7755587651990969,0.748,0.7566210589238012,6.0
0.4728779372596278,0.444,0.47331394517562797,6.0
0.3807010021980006,0.379,0.3910434561864289,6.0
0.6692036499768398,0.668,0.6589625948959127,6.0
0.2749051125862747,0.282,0.2933684215472513,6.0
0.6586546418490853,0.656,0.6477901775978077,6.0
0.05320085031310229,0.067,0.06088980385076077,6.0
0.09352975665167829,0.099,0.10197386870941733,6.0
0.09175517875614947,0.108,0.10164133463628258,6.0
0.7703929005048645,0.726,0.7523761486366939,6.0
0.2617072211746694,0.257,0.2750960740292161,6.0
0.544784531236717,0.543,0.5386578691898377,6.0
0.17854597060315014,0.189,0.19077801850144832,6.0
0.5014897628509704,0.489,0.49571469317090316,6.0
0.17489122175088712,0.195,0.19152369214222492,6.0
0.7042115408475063,0.689,0.6888580598559026,5.0
0.2014284753527137,0.198,0.21944095740227937,6.0
0.23497653395410745,0.25,0.24764278669114273,6.0
0.49052718348567426,0.498,0.49028953212806825,6.0
0.5909856965733605,0.577,0.583886573264599,6.0
0.0543758118270985,0.075,0.06129918376271463,6.0
0.24238829950331942,0.24,0.2575716572107623,6.0
0.11815371810941544,0.143,0.12688682843877352,6.0
0.35442857487121804,0.361,0.36369897482501,6.0
0.1843228805617425,0.202,0.19721509275988555,6.0
0.16498876808604668,0.165,0.17506177504470108,6.0
0.2652272238801737,0.272,0.2720659714276032,6.0
0.4054069584858174,0.409,0.40610065497358716,6.0
0.550586726429265,0.54,0.5428287416571553,6.0
0.6931345503627351,0.675,0.6832102985860135,6.0
0.5499682115485374,0.555,0.5452577722319497,6.0
0.7813829852954438,0.763,0.7680895197435905,6.0
0.7090160764769929,0.686,0.6993836811580783,6.0
0.6843906241735238,0.668,0.6673379782550571,6.0
0.24011318250304414,0.272,0.26086750472966863,6.0
0.2873506395269708,0.297,0.2988063563089582,6.0
0.3403566261826232,0.357,0.34942190535029827,6.0
0.8369590234832706,0.815,0.8171870444317682,6.0
0.09608916946745705,0.119,0.10800340406370429,6.0
0.2228805905629504,0.214,0.2416653491047491,6.0
0.13426056001422548,0.141,0.14595182924662956,6.0
0.21318632313751773,0.24,0.22750214222721932,6.0
0.41158653931735467,0.399,0.41891362915346225,6.0
0.675945554348093,0.66,0.6669072336559229,6.0
0.16092600788952205,0.171,0.17259827930463295,6.0
0.201581618598612,0.211,0.21128030225394445,6.0
0.049170613229779114,0.045,0.05643569759920115,6.0
0.13971534980757327,0.168,0.16032722335884655,6.0
0.7322385048094029,0.717,0.7145607112596775,6.0
0.04936383336099415,0.047,0.05528713379004999,6.0
0.0818908582559702,0.109,0.09216936868550256,6.0
0.15759355534402675,0.185,0.17459673025728362,6.0
0.5443139817158764,0.524,0.5352894986599951,5.0
0.673492136907911,0.661,0.6615520080394095,6.0
0.06287170714901247,0.083,0.07228066861859168,6.0
0.15734490037510418,0.168,0.17496971559184443,5.0
0.8977584102340499,0.891,0.8789754289498908,6.0
0.43007744149138927,0.434,0.4231313286712117,6.0
0.49655742314402673,0.517,0.4893981865521661,6.0
0.25710519465796733,0.255,0.27090012051493306,6.0
0.44631629389388583,0.449,0.4444783175987349,6.0
0.71732686882484,0.71,0.6990491050995155,6.0
0.0750315578575671,0.092,0.08637813300689726,6.0
0.0608519739806298,0.083,0.06940835238464352,6.0
0.18084613221301415,0.183,0.18789773029174142,6.0
0.5216573138259231,0.518,0.5322867465015052,6.0
0.19126756668228162,0.221,0.2029177338548739,6.0
0.685526244546595,0.661,0.6660166531624881,6.0
0.08783196493048318,0.103,0.0991044958278406,6.0
0.10382505452937074,0.113,0.11455728554551288,6.0
0.13864590450959036,0.161,0.15435267724714333,6.0
0.6560980741940281,0.639,0.6427951015390821,6.0
0.2539570856780726,0.259,0.26929772163101595,6.0
0.5582041411195955,0.583,0.561058773710202,6.0
0.06382657565815897,0.065,0.06982319674478552,6.0
0.6808066225116797,0.639,0.6628466038099708,6.0
0.5507929653581224,0.567,0.5457265631582356,6.0
0.8684924851101178,0.858,0.8551829345841869,6.0
0.27111296105495464,0.274,0.27758522123774254,6.0
0.13949142651641655,0.144,0.15627590533500618,6.0
0.3088113225180029,0.322,0.3168768637902804,6.0
0.6462832733316379,0.608,0.634548926070972,6.0
0.18895025539259158,0.205,0.20535468810487478,6.0
0.5742565963837638,0.59,0.5691613872829049,6.0
0.6395218326297083,0.635,0.6266651596206708,6.0
0.2211449666385874,0.254,0.23927981533695042,6.0
0.052391801970784635,0.058,0.059212784654736776,6.0
0.2815385184183916,0.308,0.29918171507554797,6.0
0.4662755940439228,0.474,0.4685129234042589,6.0
0.6831891289444312,0.678,0.6727296378442053,6.0
0.3266109369321165,0.3,0.33723729567161437,6.0
0.09064207856955142,0.101,0.10277183631016408,6.0
0.7640595851968834,0.768,0.7531526524334573,6.0
0.14412807588136,0.169,0.15598111246120827,6.0
0.16438202272026736,0.166,0.17726858668385864,6.0
0.44072215090759215,0.468,0.4559763410832414,6.0
0.5301437487728479,0.531,0.5206216011156206,6.0
0.058020998949279035,0.057,0.06500554232419328,5.0
0.13239024488712203,0.151,0.15202421345154934,5.0
0.6826062860610373,0.664,0.6643464430543184,5.0
0.5157334886692541,0.53,0.5211876398804587,5.0
0.1632897487838756,0.152,0.1787178055938152,5.0
0.21166296558158926,0.272,0.2325753668526803,5.0
0.07683061932290502,0.093,0.0938926549859708,4.0
0.6239801786285742,0.614,0.6113328783571321,5.0
0.1825559091697253,0.212,0.20402262600053903,5.0
0.07755139609940587,0.106,0.08536447353005679,5.0
0.3639077787984998,0.362,0.37379832561533344,5.0
0.2576058900697996,0.277,0.27528468791166527,5.0
0.05543658581314215,0.069,0.06422342397920133,5.0
0.7069687762127432,0.684,0.6902950159645553,5.0
0.39909105434117953,0.408,0.40334945073457257,5.0
0.6911009985007972,0.657,0.6672504918365859,5.0
0.486253733079007,0.494,0.4830668920824876,5.0
0.049639816886906996,0.052,0.053110974452173706,5.0
0.18005744882427743,0.207,0.2022307899297252,5.0
0.43103227523228793,0.459,0.43721029673578715,5.0
0.12339294579484816,0.137,0.13994884072333086,5.0
0.09772292107085034,0.119,0.11341269063196394,5.0
0.47872687858509544,0.511,0.47391860626628746,5.0
0.37036438996251086,0.377,0.3803437718242986,5.0
0.3658111352199449,0.353,0.3837240696281483,5.0
0.09889189787681363,0.117,0.11284299668985055,5.0
0.6901329793041102,0.666,0.6684282873002716,5.0
0.11368836625817236,0.136,0.13117942034804464,5.0
0.06211405904381995,0.067,0.07263903130927656,5.0
0.5832331293476429,0.562,0.5715938222429819,5.0
0.3338346934340022,0.345,0.3424667620482949,5.0
0.24642358830653555,0.26,0.25623925303476164,5.0
0.5432196327258456,0.518,0.5385522204365395,5.0
0.4877833127529593,0.496,0.49301276065015914,5.0
0.07829534718863718,0.081,0.09005880525838378,5.0
0.717219770303466,0.695,0.7014287458597567,5.0
0.1357256524532119,0.151,0.14723953305836754,5.0
0.4202165037131489,0.434,0.42739636523540037,5.0
0.7983995189979283,0.76,0.7727969416574453,5.0
0.5832867493755526,0.637,0.5867051825953115,5.0
0.25382170295023787,0.265,0.2720071597719735,5.0
0.7426835863595056,0.718,0.717932618778867,5.0
0.7320757312831996,0.693,0.7171416670251258,5.0
0.05953752667601353,0.065,0.06977296802679908,5.0
0.44430057298112724,0.449,0.440953720514226,5.0
0.07289502641104195,0.093,0.08744552370648022,5.0
0.14798899537016852,0.164,0.16134680249721817,5.0
0.049126385755290825,0.061,0.05766503509452897,5.0
0.0956209122163364,0.107,0.10564687458908605,5.0
0.047484758121633774,0.056,0.054738601075353104,5.0
0.08955673715292922,0.099,0.10324568294422987,5.0
0.22095523690367014,0.243,0.24147693133541506,5.0
0.06962571982159249,0.059,0.07599306355261919,5.0
0.7506535908330618,0.716,0.7286169888672757,5.0
0.11953362988267247,0.137,0.13223947948643197,5.0
0.1653512261755573,0.192,0.17811046940397937,5.0
0.1162452126323833,0.136,0.12777951567769066,5.0
0.21637851837961752,0.237,0.22998343052983045,5.0
0.3926315737819569,0.384,0.3930442125698177,5.0
0.16869672012331483,0.17,0.17705730603383113,5.0
0.792105914897693,0.781,0.7690116125013359,5.0
0.5457367544508442,0.531,0.5333174412637095,5.0
0.1713758778520107,0.191,0.19071285364069634,5.0
0.09877739652375417,0.117,0.11048453218013624,5.0
0.421601238901381,0.432,0.42587260132325633,5.0
0.6437431767446495,0.627,0.6308034290107296,5.0
0.5078354203248822,0.482,0.5088144512077636,5.0
0.4603549591238426,0.474,0.46989226182585087,5.0
0.06884361937606764,0.085,0.08071019747180484,5.0
0.0660273309041729,0.073,0.07792939714532998,5.0
0.4525545194294399,0.443,0.4546256319241923,5.0
0.19643994968996503,0.207,0.21757243243893717,5.0
0.6040055264497448,0.597,0.5908032512649998,5.0
0.2446698133273174,0.251,0.25531944133169726,5.0
0.5301101877391228,0.54,0.534011372515072,5.0
0.29493072855627356,0.31,0.30886633153967824,5.0
0.900504756018607,0.896,0.8861585718161179,5.0
0.04122015282825131,0.045,0.048955929978307076,5.0
0.08969892825950232,0.101,0.10383212553691117,5.0
0.11548294974515272,0.124,0.12635937375970738,5.0
0.0563555307219491,0.072,0.06282412677239056,5.0
0.3576153151554543,0.364,0.36356818016956205,5.0
0.12154546155491397,0.124,0.13834695062414756,5.0
0.30763075706170195,0.311,0.3209983488701229,5.0
0.14749865602535428,0.146,0.16550943293385775,5.0
0.07183612452932109,0.077,0.08321955513495084,5.0
0.6760816712644244,0.65,0.6679839656834154,5.0
0.30501001833203256,0.322,0.3155119431224411,5.0
0.12121524282284557,0.146,0.14013604560524429,5.0
0.7646873728605557,0.748,0.7469416433748836,5.0
0.1052968223293278,0.123,0.1152982324741354,5.0
0.6463550938303726,0.623,0.624280932668847,5.0
0.6076206218247686,0.595,0.5916540733455387,5.0
0.3061098233198588,0.336,0.31935116440357153,5.0
0.5132985098064003,0.482,0.5064979938568938,5.0
0.711885813952845,0.671,0.6924951822074461,5.0
0.36514183677598366,0.359,0.379074209750077,5.0
0.4629018305335839,0.479,0.4610011747928932,5.0
0.4127229030162989,0.437,0.4219494484243361,5.0
0.6769158385602443,0.667,0.6608237824203861,5.0
0.12788837409367182,0.144,0.14153287356331362,5.0
0.43203835350611164,0.415,0.4416388976607768,5.0
0.07580040826118739,0.094,0.08681711735237121,5.0
0.852501368114515,0.844,0.8287146613913471,5.0
0.3806275909520359,0.393,0.3905522166793933,5.0
0.46069174236874477,0.465,0.47073452288948026,5.0
0.6697138002716746,0.658,0.652549304602459,5.0
0.3625084256427593,0.383,0.3813970767796072,5.0
0.07539562178171189,0.094,0.0861808838602732,5.0
0.11074460585790935,0.108,0.12525105954573107,5.0
0.8326786500522956,0.825,0.8123101258923026,5.0
0.4349448255233238,0.453,0.44937042480573985,5.0
0.37029943025569445,0.352,0.37536718535182856,5.0
0.10291866894953516,0.119,0.11605288497820605,5.0
0.1778277711817451,0.187,0.1898123326515714,5.0
0.6732926666439168,0.658,0.6547110476943862,5.0
0.14498329703431545,0.159,0.1652517137949513,5.0
0.2107178846548089,0.211,0.2287228013114827,5.0
0.10982145504488072,0.113,0.12149468522433429,5.0
0.3311778223334544,0.343,0.34785603274638616,5.0
0.08996926202454414,0.103,0.1106578175886688,5.0
0.400414831404747,0.419,0.4160687281428961,5.0
0.16913207834304766,0.204,0.191750353058378,5.0
0.5411245749265794,0.552,0.5332899382802194,5.0
0.05410376405497985,0.052,0.06310431252139058,5.0
0.3832282886325553,0.384,0.39967165353462986,5.0
0.484217667203678,0.496,0.48624252641845983,5.0
0.059431447215150035,0.074,0.06729370456875441,5.0
0.5376392974167237,0.529,0.5383395797888445,5.0
0.7422308184320666,0.714,0.7202399747929696,5.0
0.08166382929559801,0.082,0.09351575794226498,5.0
0.1156273939933401,0.135,0.12765973989807458,5.0
0.10919111122670933,0.13,0.118562067976812,5.0
0.12606737598026752,0.147,0.1457573008944438,5.0
0.6813094932702317,0.655,0.6620144516786183,5.0
0.16392294976015764,0.171,0.18624930647469215,5.0
0.24642536135125614,0.271,0.2668925501635619,5.0
0.1392602832000911,0.141,0.16096608279270963,5.0
0.424863178353577,0.455,0.43205588692737074,5.0
0.8158685170121296,0.803,0.7960821792743655,5.0
0.0449991946685383,0.054,0.051920575065590925,5.0
0.6314205296146302,0.635,0.6237558509989742,5.0
0.13961459390977804,0.171,0.15801950483683014,5.0
0.7487615851352591,0.736,0.7316216224271352,5.0
0.5982351371911578,0.571,0.5938956273280489,5.0
0.10840074009571665,0.107,0.12168279709871564,5.0
0.3478372108559179,0.383,0.372316096376739,5.0
0.21028827747167844,0.218,0.23677181028824212,5.0
0.12071897336987214,0.157,0.14270148843530261,5.0
0.4596455871292666,0.467,0.46301442527301145,5.0
0.659531143462781,0.633,0.6489379128820791,5.0
0.07061599469112922,0.088,0.08086623005645448,5.0
0.5406072370441637,0.529,0.5291925517479683,5.0
0.46545707770848554,0.477,0.47511545461779375,5.0
0.2634470921925227,0.291,0.2898972328171155,5.0
0.5191481232802573,0.513,0.5097683807004201,5.0
0.7038801922912761,0.674,0.6889716716744709,5.0
0.14585153984094879,0.159,0.16095271246848733,5.0
0.563546368509648,0.586,0.5546729205857751,4.0
0.13502497771433142,0.155,0.1507937616574099,5.0
0.24612876336090417,0.283,0.2688102191009117,5.0
0.19135491798631488,0.202,0.20459303235638004,5.0
0.33399173473382626,0.362,0.3406552899484578,5.0
0.4338172924121644,0.421,0.4353344124664799,5.0
0.03444946919731573,0.039,0.03854949025120998,5.0
0.7232161270408404,0.696,0.7027905903526125,5.0
0.7166429378122956,0.695,0.7048690553222166,5.0
0.3502377997998346,0.375,0.3521893773913133,5.0
0.6326474785267218,0.62,0.6222558715237132,5.0
0.3270364020899825,0.343,0.34511774008794444,5.0
0.3685722564425602,0.39,0.3790793379797171,5.0
0.5649795186552998,0.555,0.5565553473476276,5.0
0.7658103102653332,0.743,0.7415657242873941,5.0
0.8314200896167971,0.816,0.8105297705225373,5.0
0.6897014380502571,0.681,0.669980308867516,5.0
0.768414591071827,0.779,0.7560434664374316,5.0
0.36445115962293717,0.367,0.3737880811248915,5.0
0.08097416547703518,0.094,0.09221842813655193,5.0
0.08993670402321274,0.102,0.10602481377230845,5.0
0.09907194904858574,0.113,0.11233098494618989,5.0
0.7034721173606724,0.695,0.6941895020164526,5.0
0.38789966198753634,0.368,0.39186841615144197,5.0
0.6143271201483426,0.594,0.6064607422183835,5.0
0.6161154282202785,0.614,0.6063333851935828,5.0
0.26426758868066547,0.292,0.28109622381687654,5.0
0.4762384460172715,0.447,0.471065333374532,5.0
0.11012412799195503,0.132,0.12327051441907913,5.0
0.24564682242377078,0.264,0.2646004563339071,5.0
0.7412886537267285,0.728,0.7179211693424185,5.0
0.12649790536095418,0.128,0.1376603904973282,5.0
0.7195140208760014,0.712,0.7112710671376925,5.0
0.25163220536346653,0.283,0.2695525367590861,5.0
0.10164700853881081,0.104,0.11366804417565439,5.0
0.5929158307444387,0.568,0.5785170357136683,5.0
0.7248238061826013,0.701,0.7074478277810705,5.0
0.33216255043694143,0.365,0.3519826490369404,5.0
0.33241418492071406,0.323,0.34518229768364694,5.0
0.4971274416311514,0.494,0.5021879526532957,5.0
0.20564108851645924,0.231,0.23380583151655962,5.0
0.37104814489323856,0.365,0.3779881732969182,5.0
0.3758702567699931,0.394,0.37836602071319,5.0
0.16202403672142995,0.16,0.18045609165776436,5.0
0.8391584820606552,0.801,0.8170120455309869,5.0
0.6749490784703149,0.686,0.6588771611008563,5.0
0.6979566796310674,0.669,0.6698461990562161,5.0
0.7859530198669548,0.795,0.7774120049649923,5.0
0.7405795715877921,0.698,0.718291825995853,5.0
0.18056815816558747,0.199,0.19899623393322635,5.0
0.10964625639681602,0.138,0.13426459100666488,5.0
0.08036584940823421,0.097,0.0942492646755239,5.0
0.39715461994282386,0.405,0.40332065418848595,5.0
0.04127085871213998,0.049,0.04984856173038445,4.0
0.7426763379686642,0.735,0.7236271953573429,5.0
0.42159944956614537,0.461,0.4343095758725708,5.0
0.2008188002112088,0.219,0.21745438410867549,5.0
0.21215220237858234,0.229,0.22677172647921118,5.0
0.6030686527063276,0.622,0.5979870329696938,5.0
0.175319150237493,0.188,0.19273001421497024,5.0
0.37629539663540523,0.369,0.3791672747039848,5.0
0.4884202049811046,0.508,0.4925559860807075,5.0
0.10872847365735816,0.124,0.11922808119927132,5.0
0.056954768478454154,0.083,0.0669131677612636,5.0
0.11361116215092082,0.133,0.12648712664717096,5.0
0.31532057713090944,0.347,0.3288031302278748,5.0
0.14173701951235818,0.181,0.17203795512351253,5.0
0.2326107573652222,0.244,0.2497945841015209,5.0
0.4152690728029724,0.397,0.4175339651602723,5.0
0.1621891334978175,0.17,0.17819833438083849,5.0
0.17602207839736805,0.194,0.20020845401092385,5.0
0.5812455681950928,0.55,0.5706321059345663,5.0
0.6771099347137193,0.641,0.656452503201063,5.0
0.24717570245935194,0.267,0.26483363919036285,5.0
0.3284456817079392,0.317,0.34246564915165917,5.0
0.07294052757182401,0.083,0.08614375449361537,5.0
0.42848473388761665,0.41,0.43060194450227157,5.0
0.2719909512867952,0.28,0.28328487267793195,5.0
0.6119683637749498,0.614,0.5982719500294199,5.0
0.17471142660696815,0.199,0.19724385593170876,5.0
0.0488644898527002,0.058,0.05762942236213389,5.0
0.7307450105369532,0.7,0.7100456739388765,5.0
0.5414062678790039,0.532,0.5327611552072127,5.0
0.2616394167856223,0.279,0.2831012846306518,4.0
0.16268665495394707,0.192,0.18248752803736237,4.0
0.057841949609408805,0.064,0.07043565037378845,4.0
0.3495655134666117,0.36,0.35722708661361086,4.0
0.5033010049396311,0.534,0.5034347541819361,4.0
0.7026104071788599,0.694,0.6774124247873121,4.0
0.2193084145876033,0.247,0.2386982007098074,4.0
0.1107526275079298,0.135,0.1255289677125233,4.0
0.32805323825479904,0.362,0.3466102338938308,4.0
0.2575176912631594,0.287,0.28434175522658434,4.0
0.2536156286511654,0.27,0.26223812702210714,4.0
0.32859245832337647,0.352,0.3500015946818942,4.0
0.401588437554076,0.424,0.4086877046166894,4.0
0.2932025750035694,0.285,0.303760694030421,4.0
0.5677788148355574,0.552,0.5608268856677885,4.0
0.16868778497143955,0.155,0.18469070513761413,4.0
0.5112700605928957,0.504,0.5072157393371006,4.0
0.5069138065515167,0.502,0.502056034376984,4.0
0.2297851330137718,0.254,0.25861915727471063,4.0
0.25077661621820135,0.264,0.26434001202355595,4.0
0.5816081286740896,0.556,0.5712063602705126,4.0
0.3775722448493968,0.374,0.3825026452976738,4.0
0.3504156803141547,0.359,0.36519442663579615,4.0
0.6137533584568343,0.6,0.5978048462421828,4.0
0.10791541181330166,0.134,0.13027378295413602,4.0
0.19420663461340526,0.227,0.22023670381584076,4.0
0.23525638782225033,0.243,0.2603242960441121,4.0
0.09752714501266602,0.124,0.11955880963672605,4.0
0.28391569868649613,0.322,0.30354890822130365,4.0
0.49456952740641,0.517,0.5008310018521602,4.0
0.2502383805752697,0.263,0.27228579583977075,4.0
0.13949659113561053,0.17,0.15714975488377178,4.0
0.09278546434221169,0.101,0.10273880042124474,4.0
0.11634916621148461,0.141,0.1387176772205305,4.0
0.668391303716324,0.641,0.6521075743982662,4.0
0.1750234269273111,0.177,0.19023366620383791,4.0
0.43575347841900136,0.431,0.4416638973701754,4.0
0.11383920529417946,0.132,0.13384607687639682,4.0
0.2657266085072545,0.294,0.28163167106797715,4.0
0.2342757119694272,0.248,0.24717082960967568,4.0
0.5922123002976747,0.572,0.5768238266634096,4.0
0.6085597205993456,0.608,0.6009812499291612,4.0
0.10220630762209171,0.133,0.11322998011831065,4.0
0.16662425763938815,0.177,0.17851480851994733,4.0
0.1714511077653984,0.185,0.19071474852945272,4.0
0.6580243397968842,0.619,0.6338782401981466,4.0
0.15834071052125753,0.175,0.19308158922895421,4.0
0.4479686904182554,0.457,0.4516684418025004,4.0
0.10494485762856731,0.116,0.12140841487267665,4.0
0.0713705962218516,0.095,0.08895941734829921,4.0
0.813899008651167,0.804,0.7877437025900386,4.0
0.5576147045559133,0.567,0.5518918873252034,4.0
0.7778366282852748,0.761,0.7562771637703998,4.0
0.5006259284971409,0.505,0.49764641900987727,4.0
0.32485345811687805,0.338,0.33819706063502813,4.0
0.12585760783479671,0.142,0.15015602752266402,4.0
0.18243585248312777,0.203,0.20785013251914616,4.0
0.39997851862929046,0.407,0.4026853467476556,4.0
0.32754999288184594,0.358,0.34853493719594547,4.0
0.3493848611140282,0.351,0.36089739725035275,4.0
0.627017857141587,0.63,0.6176055400359356,4.0
0.603668744288076,0.577,0.5937977408772623,4.0
0.48970541571855764,0.475,0.4803048428563971,4.0
0.5918657722696031,0.567,0.5731807728235987,4.0
0.39490570141563774,0.418,0.40271150644185355,4.0
0.11737356719631964,0.128,0.14070746048939242,4.0
0.05865791549846444,0.063,0.06686797484600648,4.0
0.29738956435194197,0.341,0.31601421966031124,4.0
0.08325725878520729,0.109,0.10335327346167214,4.0
0.04708984920431991,0.055,0.05589634344423991,4.0
0.7985068733741594,0.779,0.7716001186927571,4.0
0.2238367062126435,0.242,0.22891431616720379,4.0
0.7328208040985773,0.685,0.7065717324101166,4.0
0.5416426821489732,0.547,0.5357962451411222,4.0
0.15078677169890176,0.17,0.16848113049358657,4.0
0.3496217738786922,0.365,0.3635773331774653,4.0
0.4960026016659279,0.499,0.4908444715144436,4.0
0.15051632636759404,0.182,0.18607324376164402,4.0
0.14915770705177311,0.168,0.16994076616192164,4.0
0.1957526587984486,0.191,0.20853358962351734,4.0
0.8406257310380251,0.825,0.8074768045291395,4.0
0.22276116800800938,0.238,0.2489386903504448,4.0
0.31058113734519355,0.319,0.3294299457611811,4.0
0.1122156009223304,0.13,0.1339400449866143,4.0
0.22014486646033538,0.242,0.23805957292355334,4.0
0.6063590011017315,0.589,0.5897652097471952,4.0
0.3150349942108742,0.336,0.33665542476333593,4.0
0.07722227618219935,0.101,0.09457605416692065,4.0
0.7504564365832932,0.705,0.7198413466473188,4.0
0.2875410860386438,0.272,0.29428157630527335,4.0
0.5156374907263493,0.509,0.5181050589800675,4.0
0.22813890921644608,0.249,0.24338637665460844,4.0
0.24060983172381556,0.249,0.26348566931233586,4.0
0.4273912733710711,0.42,0.43388503161546516,4.0
0.20853378605986617,0.204,0.23039804876938982,4.0
0.6143382912567327,0.62,0.6026942578401268,4.0
0.2567609544915831,0.257,0.27816871717422,4.0
0.6253838907986466,0.61,0.6051670200791073,4.0
0.04882846789148487,0.065,0.057403283339424446,4.0
0.17194778994712345,0.204,0.1919552388246474,4.0
0.3631750837566573,0.359,0.3802692551195422,4.0
0.27123646760702624,0.298,0.2972974013100187,4.0
0.773527924515865,0.738,0.7451351848863322,4.0
0.4156192557265874,0.408,0.41866947816919714,4.0
0.08503418522438277,0.085,0.1008818475325426,4.0
0.782318931691306,0.758,0.758572101189514,4.0
0.7869550233603428,0.756,0.7669800949118031,4.0
0.1321856118933038,0.155,0.1511424278210819,4.0
0.20567055997279304,0.225,0.23149915050368677,4.0
0.4872906479480503,0.47,0.4842794625398617,4.0
0.2559310171917607,0.287,0.27422275616140457,4.0
0.3892136674502289,0.386,0.39436094847006514,4.0
0.7210021565100677,0.721,0.6993169897854044,4.0
0.08282953767678192,0.109,0.09576753046671513,4.0
0.5563348338025083,0.537,0.5452597320955395,4.0
0.34313609090646624,0.377,0.36469591388143274,4.0
0.0908632215839319,0.12,0.10799077225243554,4.0
0.30864083017692223,0.32,0.32375195950941965,4.0
0.6818382264424876,0.649,0.6716466142827806,4.0
0.2922534463740558,0.288,0.3070489228404421,4.0
0.39757886438315315,0.376,0.40605334699432094,4.0
0.057704322311999956,0.068,0.07078284503392843,4.0
0.14484640431806006,0.172,0.17048103420007812,4.0
0.5010162957521687,0.526,0.4938001939070194,4.0
0.5044883015438701,0.509,0.5078479985374205,4.0
0.10133701655814753,0.131,0.1269266987682614,4.0
0.1944746041805634,0.197,0.21914831461382403,4.0
0.20532966626316895,0.222,0.2225210298119936,4.0
0.6076683878942675,0.593,0.5921517355189583,4.0
0.48136361276754536,0.487,0.4902396262276802,4.0
0.6516116673431899,0.64,0.6344509182477345,4.0
0.7222035288014002,0.698,0.6968774697749831,4.0
0.05145920688204775,0.063,0.05778909628750794,4.0
0.37547689913634497,0.392,0.3859776716893875,4.0
0.7979164555460687,0.8,0.771629529821343,4.0
0.8292527052401704,0.816,0.8008706378147317,4.0
0.4614780400152271,0.452,0.4644010206184487,4.0
0.1928729971150135,0.227,0.21773861783270393,4.0
0.2555034815714028,0.293,0.2814322566640074,4.0
0.19797580073030518,0.193,0.2199235267521273,4.0
0.3086840784252355,0.317,0.31134968416820374,4.0
0.24804662222963914,0.27,0.26474831115579966,4.0
0.06112444057354638,0.065,0.07341950542322134,4.0
0.3588413286169504,0.344,0.3699157028082419,4.0
0.11091589628960341,0.156,0.12717021315181182,4.0
0.09031194767038131,0.091,0.10282001375681996,4.0
0.10639151370737265,0.124,0.12563180596935092,4.0
0.27726673983701655,0.289,0.28693933232857727,4.0
0.3448584935778918,0.331,0.3603684673777006,4.0
0.2170009937920434,0.244,0.23363381568492206,4.0
0.27257861898287294,0.288,0.2951572189468421,4.0
0.2552904141859187,0.269,0.2764360723085245,4.0
0.06389595395145975,0.077,0.0793550746046363,4.0
0.11240726461846218,0.141,0.13518813821593997,4.0
0.30353295759926147,0.313,0.3290042899752731,4.0
0.15411320907129,0.198,0.17899582302654474,4.0
0.6050661796425678,0.62,0.5981609633415875,4.0
0.05883086546684646,0.071,0.06793892251737063,4.0
0.4988188166216232,0.492,0.5011117385005015,4.0
0.6667066075896786,0.645,0.6559555971816976,4.0
0.17371802480648424,0.237,0.19929361209490634,4.0
0.05848912195291589,0.059,0.0717190075421274,4.0
0.06414877873231861,0.075,0.07682934076602124,4.0
0.21192538737083066,0.212,0.23306487386848387,4.0
0.23043398078447874,0.242,0.26031995528840274,4.0
0.07146235774926124,0.09,0.09084061331140968,4.0
0.8614088660510824,0.838,0.8320631749805742,4.0
0.8302376343369834,0.813,0.8038879876533741,4.0
0.33837635977650893,0.316,0.3505926130908781,4.0
0.5660144808540085,0.542,0.5538487551882277,4.0
0.7827369212548565,0.757,0.752961919087442,4.0
0.2202765939125909,0.237,0.2392023212511859,4.0
0.20081067604177305,0.224,0.21879255861140465,4.0
0.05690430588089601,0.068,0.07026069232316107,4.0
0.3219193430155346,0.322,0.3406832309095685,4.0
0.5103726158917545,0.52,0.5120186933178967,4.0
0.36640340604586796,0.365,0.3802873579624957,4.0
0.7155119962461842,0.716,0.6940261293041079,4.0
0.2978713282790558,0.297,0.3180291231445891,4.0
0.054223776063977214,0.069,0.06988117365083289,3.0
0.15366453676952396,0.168,0.17793733977159698,4.0
0.5199413309203758,0.537,0.5199180476597961,4.0
0.12853536168997814,0.157,0.15064389448025017,4.0
0.03847888152687318,0.058,0.048240080043660205,4.0
0.683923103665918,0.702,0.6702418174072816,4.0
0.08360682531540076,0.108,0.10013799091659208,4.0
0.6640495465817846,0.649,0.6437223492941313,4.0
0.6001011954643741,0.623,0.5974121353803996,4.0
0.29296485195181243,0.307,0.3140010508778416,4.0
0.1799758402368815,0.184,0.19609481758610717,4.0
0.07844759936089674,0.095,0.09471562207445838,4.0
0.4254743787483163,0.467,0.4374073416200913,4.0
0.6348937450057704,0.59,0.6127772706156427,4.0
0.07511133238319145,0.114,0.09211815611606221,4.0
0.5074147763889288,0.506,0.5090524167401792,4.0
0.5354671359807138,0.544,0.5363914091765871,4.0
0.17402110047275077,0.199,0.20207742963765402,4.0
0.7006904591690681,0.678,0.6822159292485838,4.0
0.778418188733214,0.731,0.7584508864647483,4.0
0.9138371176831261,0.909,0.894815550807943,4.0
0.3232729847583168,0.345,0.3407934611303147,4.0
0.21437478892104267,0.232,0.23226221264487087,4.0
0.4026238297832466,0.399,0.4127973437135886,4.0
0.1622644566001008,0.188,0.17892277353851985,4.0
0.16915774948258444,0.194,0.18774628295112178,4.0
0.1773393173864759,0.197,0.204580570727719,4.0
0.08578351866874301,0.106,0.10761388075303795,4.0
0.4303590069024458,0.408,0.42836015389918397,4.0
0.2929813938943927,0.306,0.307137215992727,4.0
0.6526622563040647,0.627,0.6412472063707898,4.0
0.04918318983462844,0.067,0.06099018871901914,4.0
0.5818854189208791,0.586,0.5757061289533076,4.0
0.7318688970890082,0.708,0.7184157676031442,4.0
0.11310263020549272,0.125,0.13332914211901506,4.0
0.15427940991963596,0.173,0.16943454852180742,4.0
0.5984098629034806,0.572,0.5912599129258602,4.0
0.034588447873634465,0.038,0.04025384248764715,4.0
0.10482816258583139,0.139,0.12120714922481687,4.0
0.25872089879605675,0.303,0.27868091336357453,4.0
0.10870998727336234,0.131,0.1270448828842567,4.0
0.8255483875065847,0.812,0.8041464473342622,4.0
0.4318908796842712,0.451,0.43588860107019484,4.0
0.2924395163425685,0.315,0.3142221600467115,4.0
0.6993478353283,0.68,0.6764669874196454,4.0
0.566143939051273,0.545,0.5534264416189736,4.0
0.12812306027614284,0.15,0.148761535532737,4.0
0.10104845438750099,0.119,0.11240749237133071,4.0
0.3766197164435193,0.388,0.3888717906457244,4.0
0.5359453971013203,0.528,0.524090470801694,4.0
0.8755375924979166,0.869,0.8520157730962513,4.0
0.24804515888706924,0.243,0.2632489683548096,4.0
0.7066409694754101,0.688,0.6914686176783907,4.0
0.07195775976048235,0.078,0.08728285380698132,4.0
0.20662133932038274,0.243,0.2320094110280659,4.0
0.03911874778000868,0.045,0.0495835871148819,4.0
0.5717319535322796,0.554,0.5585205123595233,4.0
0.4363082939534608,0.424,0.4474201452826188,4.0
0.47743580051578005,0.471,0.4762380262606536,4.0
0.6747873727392051,0.656,0.6552638129759646,4.0
0.07769778805056038,0.082,0.09084497370315803,4.0
0.033698863828431125,0.039,0.039343977975147035,4.0
0.05026465189961482,0.064,0.057085539021751536,4.0
0.34644555210790773,0.389,0.36624662908378575,4.0
0.3405173311552848,0.355,0.35861950798494285,4.0
0.3129855834913119,0.3,0.33653235824860706,4.0
0.4025998670137064,0.428,0.4051011112973056,4.0
0.343145404244644,0.398,0.37534173132096443,4.0
0.07459807239167537,0.098,0.0896696833007721,4.0
0.10312115630133722,0.119,0.1216228748944794,4.0
0.1335962073871959,0.145,0.16117129922684856,4.0
0.20039651735916886,0.205,0.21982582661726222,4.0
0.1256819064522201,0.148,0.1532957662724962,4.0
0.19491225627713382,0.216,0.21168481703763242,4.0
0.81421919513743,0.78,0.7848743263655964,4.0
0.13745830559700944,0.168,0.1711809664321204,4.0
0.1486110128783672,0.192,0.17948727527101055,4.0
0.3996422700698544,0.402,0.3975429847621077,4.0
0.04336789852156275,0.052,0.056978389036210116,4.0
0.28850079982898014,0.317,0.30819496709613864,4.0
0.07015641147759,0.095,0.08229681662951907,4.0
0.33434398030897516,0.321,0.3496814244425532,4.0
0.053034673087849704,0.069,0.06197110919785949,4.0
0.6846114883134944,0.687,0.6743426203099261,4.0
0.6877784267034162,0.644,0.6703643316752893,4.0
0.6659530045956198,0.657,0.6527007839970805,4.0
0.04867349836770751,0.06,0.06002882507308289,4.0
0.8818584096096527,0.848,0.8531273749272259,4.0
0.759484022494999,0.728,0.741360115379612,4.0
0.2947068039799846,0.316,0.3160449178726863,4.0
0.09817209499237978,0.105,0.11250820730157045,4.0
0.18325878334052204,0.204,0.19878808670628417,4.0
0.0696808676844759,0.093,0.08578337859488996,4.0
0.1315033868832679,0.183,0.1619214221724946,4.0
0.7130627736256179,0.713,0.6933793668039107,4.0
0.4044509649473508,0.394,0.4143172764642886,4.0
0.08910775236806534,0.123,0.11307682764078174,4.0
0.08793655587341886,0.123,0.10911172646374416,4.0
0.0876391784857512,0.117,0.10343771089114641,4.0
0.5521326706016962,0.565,0.544553039488991,4.0
0.7054039729134205,0.701,0.6898483392858689,4.0
0.6531408771636587,0.612,0.6340099234955276,4.0
0.07683429517717466,0.107,0.0963498250456485,4.0
0.6713790875572205,0.638,0.6428597897661282,4.0
0.29299910279273766,0.327,0.3170251807486064,4.0
0.275406064652746,0.301,0.2889588116034853,4.0
0.14352663467821125,0.174,0.16875648786910843,4.0
0.24371088156575804,0.254,0.2547083329034381,4.0
0.11969314477703308,0.146,0.14263835656229695,4.0
0.509274151084523,0.524,0.50450943038847,4.0
0.08179949897843808,0.083,0.09644512449208296,4.0
0.40712890432275506,0.414,0.4109542135254958,4.0
0.34525268856806546,0.384,0.36891927102059446,4.0
0.04413654297922631,0.06,0.052089802264422155,4.0
0.1078610989765425,0.147,0.12565872952263654,4.0
0.12088064769898466,0.137,0.1362125827345992,4.0
0.7515715186455257,0.744,0.7295059962250833,4.0
0.2263606215743018,0.248,0.2581659468969417,4.0
0.825968675726261,0.788,0.7988715952970331,4.0
0.6909212218187624,0.676,0.6684799073173577,4.0
0.17027942757727677,0.17,0.18907859014603484,4.0
0.12226415668809398,0.146,0.15214452623858188,3.0
0.255921424189107,0.272,0.26215933044247847,4.0
0.8338343852809231,0.799,0.807126864405146,4.0
0.445534015711183,0.432,0.4453953361028697,4.0
0.3188715052813569,0.355,0.33794370163276216,4.0
0.4668712845461386,0.47,0.4708775187032666,4.0
0.6714239521635952,0.643,0.6536018344926359,4.0
0.09621765670595406,0.097,0.11509225640727254,4.0
0.23019230224613796,0.269,0.2538649818698443,4.0
0.5918144070654391,0.583,0.5779770615599767,4.0
0.3652500186249791,0.389,0.3714555195564963,4.0
0.5582091679249217,0.587,0.5536577635144545,4.0
0.17605535749821122,0.207,0.19465501867061163,4.0
0.25480790333271675,0.285,0.2802034055886932,4.0
0.566773522077407,0.563,0.560883123212921,4.0
0.2310833900334911,0.26,0.259886502969838,4.0
0.15077327711306576,0.163,0.16600240797161017,4.0
0.5934498488956022,0.575,0.5813815429494322,4.0
0.514078384902003,0.514,0.5152541978380457,4.0
0.6918036941932972,0.643,0.6604782191997328,4.0
0.6987289683018458,0.684,0.6792605085714201,4.0
0.1391213021708977,0.171,0.1605772564313078,4.0
0.5301066592047387,0.528,0.5230430762354896,4.0
0.5812952973947683,0.59,0.5727907980875867,4.0
0.7393261685556034,0.72,0.7234994515807674,4.0
0.6085893613826945,0.601,0.5958116608005871,4.0
0.7270693996731423,0.69,0.705553655943407,4.0
0.4468849533984839,0.431,0.4470335315391487,4.0
0.2343429084007258,0.268,0.25539215394354037,4.0
0.17460952442140365,0.171,0.18614163614251283,4.0
0.24749251573126996,0.255,0.2671341183331875,4.0
0.12648262843157054,0.142,0.14899375321987804,4.0
0.3654689977930613,0.367,0.3767063872298414,4.0
0.736867389796936,0.715,0.714416965023805,4.0
0.2620673271108077,0.29,0.2790802948918655,4.0
0.6825274785678432,0.664,0.6701967540662083,4.0
0.07958252091781493,0.09,0.09082056179239688,4.0
0.5206612470005927,0.528,0.5143092233163309,4.0
0.5046276163654746,0.521,0.49961652881879404,4.0
0.4877379040995822,0.504,0.4940725254754365,4.0
0.5081063311970142,0.534,0.5150030934113158,4.0
0.36380047241391256,0.401,0.37850291142047154,4.0
0.10603645641939108,0.116,0.1265563259333007,4.0
0.11047581527789896,0.151,0.13038646507382357,4.0
0.2465200658597846,0.275,0.2620791136621224,4.0
0.1309899182358596,0.139,0.15424233468471563,4.0
0.18620073674848814,0.212,0.2013702870115366,4.0
0.1947474075376684,0.187,0.2112189301106538,4.0
0.07385239659721199,0.094,0.08996621479073114,4.0
0.47685356676697965,0.484,0.4803194732914687,4.0
0.620422656309251,0.633,0.6102535502629346,4.0
0.5220864018039016,0.534,0.5184793539296301,4.0
0.14522352387655546,0.172,0.1684106732197425,4.0
0.7362011836456785,0.705,0.708833175028123,4.0
0.1763969123603275,0.178,0.19075077379722602,4.0
0.07801067493687719,0.096,0.09391066784032821,4.0
0.6805919728432642,0.67,0.6591479824979882,4.0
0.1615066649445298,0.188,0.18514414507294238,4.0
0.25208619286068035,0.271,0.2786586112855331,4.0
0.5024525260944708,0.521,0.4999636784318549,4.0
0.08544054575245086,0.117,0.09689291495227373,4.0
0.11724902433593465,0.117,0.13533436560882636,4.0
0.7089836327774393,0.671,0.6819791911632287,4.0
0.5395895659888774,0.523,0.5353604436966094,4.0
0.7518126842216383,0.73,0.7264074196122181,4.0
0.1570956484261049,0.173,0.1752483397814709,4.0
0.6749981353682657,0.684,0.6553932526811138,4.0
0.38636962697026145,0.395,0.39538350416752915,4.0
0.20086685661847126,0.21,0.2244253703000862,4.0
0.13645632264992535,0.168,0.1587338226506072,4.0
0.7279702862009622,0.678,0.7033009711132518,4.0
0.5561735025068412,0.57,0.556943283565827,4.0
0.04476319321511735,0.049,0.0512692034712045,4.0
0.2689417070749146,0.271,0.28349266840478005,4.0
0.10658893792682267,0.137,0.13075412661196645,4.0
0.361229604876388,0.36,0.3683850919555646,4.0
0.7717643278861803,0.755,0.7565384103344102,4.0
0.20939232150730225,0.221,0.22526664919412176,4.0
0.3082744126706324,0.307,0.32446834930321117,4.0
0.1180368605910137,0.153,0.14157406419347757,4.0
0.20087327655535892,0.216,0.2272254351871143,4.0
0.1835384536481489,0.227,0.20984603194933701,4.0
0.6261221493962565,0.607,0.6101557116895279,4.0
0.6236007613283934,0.604,0.6038948277819128,4.0
0.3745269825565778,0.38,0.3849843957510389,4.0
0.2914247582898837,0.308,0.3203017401678361,4.0
0.10443171120160122,0.131,0.12574974842429829,4.0
0.5919662307534991,0.579,0.5783410796200389,4.0
0.6593717627050877,0.644,0.6405491602384283,4.0
0.22176106287138475,0.241,0.2400696820603944,4.0
0.49342538087171006,0.499,0.4976048221876008,4.0
0.18835100093446266,0.221,0.20629468978043866,4.0
0.07306035724768456,0.07,0.08304896037321746,4.0
0.05820356497168444,0.074,0.07326817855500667,4.0
0.4071306046197606,0.4,0.4232821564090987,4.0
0.5447424904590952,0.545,0.532651261702673,4.0
0.615557621244439,0.607,0.6017836849918801,4.0
0.2278756524282579,0.245,0.24565497989118604,4.0
0.22814594871244886,0.258,0.24863065286447597,4.0
0.642675299242504,0.648,0.6291239391750724,4.0
0.25927298476080984,0.303,0.2871626131369361,4.0
0.3359948970532005,0.347,0.34260541081596274,4.0
0.2831416219655706,0.298,0.2915004797327202,4.0
0.3487300223923685,0.368,0.36035708686616724,4.0
0.2973193862573038,0.308,0.31883887222569945,4.0
0.8921246934082492,0.848,0.8650180880496476,4.0
0.2845133430145591,0.306,0.3075693637278485,4.0
0.44408121469992823,0.434,0.45435047782866655,4.0
0.7656069383732568,0.754,0.749475349399432,4.0
0.18928305331013184,0.2,0.20777379030281015,4.0
0.44997531033562654,0.423,0.44472647495820766,4.0
0.22624491170294492,0.242,0.24259477219481457,4.0
0.4466454035634625,0.445,0.452249598193602,4.0
0.3507070970197034,0.367,0.37073213473607125,4.0
0.2375086516196353,0.264,0.2699471462513997,4.0
0.6564361373478789,0.662,0.6515947888107431,4.0
0.43668334854984414,0.437,0.4351725440647726,4.0
0.07958526989445192,0.107,0.09953184700127554,4.0
0.4886304615893271,0.479,0.48348181336263313,4.0
0.18598925786505927,0.202,0.20309964207403466,4.0
0.36138685471891907,0.348,0.3726009668433222,4.0
0.42622418576462573,0.456,0.43523538879162055,4.0
0.2950509872891304,0.295,0.31832038283415137,4.0
0.70967611854057,0.665,0.6779044364845476,4.0
0.13688057285159394,0.156,0.15685128389032646,4.0
0.3778314627193572,0.388,0.39114721153835774,4.0
0.21250255369118098,0.232,0.23891345693858684,4.0
0.5255167603086477,0.504,0.5262623173961524,4.0
0.18915172267003544,0.194,0.2106333937982531,4.0
0.6405937746790462,0.661,0.6327073638379896,4.0
0.62510317515446,0.602,0.6147983668996461,4.0
0.45094732046581,0.448,0.4616030743464616,4.0
0.049065281105369785,0.067,0.059394613203950404,4.0
0.38772625248173176,0.384,0.39550942028639885,4.0
0.5997364790732808,0.615,0.5924824109633183,4.0
0.12731198356023288,0.161,0.14981695539454673,4.0
0.3103496362946071,0.301,0.3309572372581074,4.0
0.3656053006273794,0.384,0.3809516851740511,4.0
0.18575950456728774,0.203,0.20848215637445752,4.0
0.04838810349900047,0.053,0.059912510719636485,4.0
0.49496962672815414,0.507,0.4922073964727127,4.0
0.09663415616670512,0.094,0.11693247555896244,4.0
0.20858011215853056,0.236,0.2358953648618074,4.0
0.3064278882766486,0.326,0.3298072951627152,4.0
0.11458733780848618,0.129,0.14021332950265075,4.0
0.5500433608581018,0.524,0.5482434399579383,4.0
0.14399130208194233,0.174,0.16885986056969424,4.0
0.058713445452070134,0.062,0.06573764343582372,4.0
0.6700056731369867,0.661,0.6599698274202214,4.0
0.08339362248790261,0.112,0.10414670241608798,3.0
0.7831011279237382,0.769,0.75622027112483,3.0
0.6751629259347891,0.635,0.6609321153373409,3.0
0.041927508750733145,0.044,0.048707786106195645,3.0
0.4525612021632246,0.466,0.4488553296422151,3.0
0.8255259560729415,0.774,0.7922125730664173,3.0
0.5047874721618819,0.525,0.505106632987483,3.0
0.3794963951210627,0.332,0.3822434159805675,3.0
0.2522833136291276,0.259,0.2736423185165235,3.0
0.727342528443202,0.707,0.7034786518522091,3.0
0.572739354955172,0.542,0.5521085886158356,3.0
0.43822864052580346,0.453,0.4494483691625774,3.0
0.496640624657148,0.488,0.48605407145105195,3.0
0.3567298880779851,0.365,0.3631448787764733,3.0
0.7376799011283119,0.719,0.7072583093391959,3.0
0.6944871712327695,0.684,0.6675436515635494,3.0
0.48746260924361795,0.5,0.492168438280647,3.0
0.7085062313097809,0.669,0.6722312623105147,3.0
0.44185359810723557,0.467,0.44750845890514784,3.0
0.3581336051185614,0.401,0.3745715683502192,3.0
0.07913144586295429,0.084,0.09968078098754805,3.0
0.7617803391489297,0.745,0.7444968283551365,3.0
0.7352615856041158,0.679,0.7071196306432049,3.0
0.08918546509845438,0.098,0.10670397000994016,3.0
0.11625810990212082,0.157,0.14891428399181647,3.0
0.07177050694382958,0.093,0.09092088577374276,3.0
0.09419657852044483,0.128,0.12842151927630327,3.0
0.5346849830566115,0.521,0.5244303841377569,3.0
0.07764470417340241,0.095,0.10652834194968255,3.0
0.41182549059942253,0.429,0.414986682380781,3.0
0.1095026048890192,0.144,0.13807129701450643,3.0
0.5352404903933119,0.525,0.526649187785827,3.0
0.35317782543294474,0.388,0.3798100365781701,3.0
0.7641605232365778,0.717,0.7250694254177814,3.0
0.044719988791531384,0.069,0.057359123159587626,3.0
0.2033626423688183,0.214,0.2254494777977064,3.0
0.8843078451955004,0.845,0.8542836652027785,3.0
0.2750676665607623,0.288,0.2853427781097171,3.0
0.4481390948920654,0.433,0.4517524385810198,3.0
0.22562034454980706,0.243,0.24840366099706143,3.0
0.5469731249323627,0.563,0.5529318820298147,3.0
0.12602835296223147,0.138,0.1467636269607378,3.0
0.038373805854350795,0.045,0.04698636134772552,3.0
0.14954015531299436,0.164,0.1858489131483909,3.0
0.061524997971607376,0.064,0.08074239692977747,3.0
0.06585983682498586,0.086,0.08250574585966208,3.0
0.0687012888988906,0.074,0.09166664354934098,3.0
0.22207697344744093,0.267,0.25509603629504385,3.0
0.5461206542553901,0.541,0.5388852616161217,3.0
0.05508720727417593,0.078,0.07729137992868294,3.0
0.3662885332973198,0.405,0.3691036581358078,3.0
0.5561634791988269,0.564,0.5532959052596764,3.0
0.07446082269219279,0.089,0.09251699423688546,3.0
0.14016200803295442,0.19,0.176557274041408,3.0
0.2349361623448072,0.256,0.2612437379247452,3.0
0.08521602604213996,0.102,0.11088170156306312,3.0
0.6255434631847219,0.633,0.61152753902228,3.0
0.614714604927422,0.583,0.5867214840892258,3.0
0.5546150310489811,0.539,0.5528394996451665,3.0
0.08377343064289555,0.097,0.10945887965462138,3.0
0.127977599372892,0.166,0.1642347138001874,3.0
0.630029950909563,0.578,0.5945461664778495,3.0
0.17488802848212293,0.212,0.19931445199445816,3.0
0.39871983974819303,0.429,0.4151575960151201,3.0
0.05269414878475864,0.058,0.06540838430544309,3.0
0.5089294726850142,0.485,0.5017132990122108,3.0
0.12617341434168994,0.142,0.15684057760336576,3.0
0.03262863737278732,0.041,0.0403686041236887,3.0
0.6792656606448275,0.669,0.6653168417770967,3.0
0.1117650237308373,0.092,0.12563962016516703,3.0
0.6692828336729242,0.656,0.6469290810259973,3.0
0.6538240509484825,0.617,0.629061658310432,3.0
0.07679942229504533,0.093,0.09699373138663181,3.0
0.11485611672797613,0.158,0.1450097749044705,3.0
0.08053922481339415,0.098,0.09956755360668572,3.0
0.11436824105395726,0.143,0.1366992774640722,3.0
0.42239877887668353,0.423,0.4366306391645947,3.0
0.6706599939357097,0.649,0.6489618799828407,3.0
0.45833298486191454,0.467,0.4739511280066008,3.0
0.1261858333821756,0.148,0.1466117738458422,3.0
0.12189581381169634,0.14,0.1482961219193333,3.0
0.7669433867220148,0.729,0.7349956194447816,3.0
0.33717025849278104,0.339,0.35864887767629766,3.0
0.45258206035895965,0.446,0.44968321483052953,3.0
0.4807792128693964,0.456,0.47381620727618445,3.0
0.08731329102536278,0.101,0.09957328872664505,3.0
0.05469576569254986,0.066,0.07101977308015776,3.0
0.6063875265317953,0.588,0.6055984150602086,3.0
0.22078238766281677,0.238,0.2493007123783073,3.0
0.4546376376533663,0.467,0.46255783273281004,3.0
0.3446989446866858,0.382,0.38257666353551695,3.0
0.17047842989644513,0.204,0.2085616205058632,3.0
0.5742363067211255,0.561,0.5606016753332386,3.0
0.380329428346438,0.388,0.402698475575318,3.0
0.4787453742575001,0.501,0.4817713430053247,3.0
0.2667046035698094,0.275,0.28914761228010255,3.0
0.1690279792421101,0.183,0.19954780590348029,3.0
0.2088910116992868,0.229,0.22629280582555253,3.0
0.5973218401546669,0.579,0.5840026623772502,3.0
0.05703846428296422,0.074,0.07363139858807817,3.0
0.2119194799540517,0.238,0.2431084758303379,3.0
0.18091181573588744,0.183,0.19699496738778297,3.0
0.10572351878301989,0.122,0.12028778909305304,3.0
0.14415087637834412,0.154,0.1644244761789856,3.0
0.26039230069983155,0.29,0.29901267361952266,3.0
0.07030991121297547,0.087,0.08783567450475331,3.0
0.7524102188923769,0.722,0.7215070107153713,3.0
0.5637001664231553,0.552,0.5572862334869619,3.0
0.5018170053331216,0.505,0.5116275715598693,3.0
0.34845348884675165,0.335,0.3637085224682079,3.0
0.2521586970668319,0.314,0.2806405904623603,3.0
0.3107292137880918,0.322,0.31980192761220644,3.0
0.21064506473354305,0.259,0.24960080632379628,3.0
0.09396807746519809,0.12,0.11939337782915994,3.0
0.6246661351728172,0.633,0.6161205958497228,3.0
0.36125224225176034,0.362,0.3693986623347555,3.0
0.14401918898284904,0.169,0.1669858132568095,3.0
0.04581880878744171,0.064,0.060052018829695554,3.0
0.5661584597426566,0.569,0.5565811631770106,3.0
0.17149394499396764,0.199,0.19830945148888257,3.0
0.443975842078401,0.462,0.45369903780381177,3.0
0.0835277315190397,0.108,0.10490405831563338,3.0
0.4203453042563474,0.436,0.43897902184984605,3.0
0.6320720558490598,0.61,0.6153925542096076,3.0
0.7659026292682326,0.735,0.7363672196189145,3.0
0.6521369943701545,0.62,0.6252170902847467,3.0
0.09442381797889055,0.116,0.12197939770772466,3.0
0.3272043480628041,0.314,0.33750521045396736,3.0
0.11542013077218605,0.151,0.1463461115488813,3.0
0.6187618953950667,0.614,0.6032040347069413,3.0
0.46657862816040296,0.444,0.4712828396544728,3.0
0.3238793619711483,0.349,0.3448478401224788,3.0
0.29832212829510785,0.297,0.32352452468537063,3.0
0.6953542816261904,0.657,0.6749499004645998,3.0
0.6102881629760839,0.632,0.607771964775306,3.0
0.09334923719127675,0.108,0.1190477483281369,3.0
0.03570250874651215,0.038,0.0424007324665342,3.0
0.7964879251965494,0.794,0.7717058837122728,3.0
0.10870132690053336,0.128,0.1313212039780131,3.0
0.4358455567407471,0.447,0.45458917640487245,3.0
0.14589228893372652,0.192,0.17653239540561028,3.0
0.12001775956059058,0.14,0.14930316947952796,3.0
0.7893244651576228,0.755,0.753834326745487,3.0
0.21129690408808322,0.237,0.2539357669462514,3.0
0.7669619526012486,0.718,0.7332441775011914,3.0
0.08940613388161989,0.112,0.10624669468917472,3.0
0.1623889598056395,0.191,0.19261162078826793,3.0
0.5793865150419057,0.56,0.5664575511352437,3.0
0.16235896860225474,0.201,0.19272923315795773,3.0
0.3787225147122193,0.408,0.40067589626210937,3.0
0.4527502813194353,0.442,0.44987886378518105,3.0
0.451100001159095,0.429,0.4516734339400837,3.0
0.4065097468447134,0.424,0.42603537935743546,3.0
0.4220658463564517,0.434,0.4386324338658727,3.0
0.5283684520523289,0.539,0.5218517856787448,3.0
0.41503062307811867,0.423,0.4285626066469275,3.0
0.5381020440537774,0.544,0.5281941147429896,3.0
0.5069765010675193,0.525,0.5082206313781634,3.0
0.24994950896461143,0.266,0.2750617530553073,3.0
0.09937874797976265,0.13,0.12794142821336418,3.0
0.2606533180762286,0.304,0.2785169596810478,3.0
0.6541840086204711,0.642,0.635245978857437,3.0
0.3276463598520316,0.359,0.34700954946154955,3.0
0.04823139337049587,0.057,0.06381587974882427,3.0
0.5203077542848219,0.514,0.5217905278251246,3.0
0.1076524011450295,0.143,0.1324254518791961,3.0
0.2289792485393336,0.273,0.25831164528816836,3.0
0.3041871873201758,0.33,0.3308812720887264,3.0
0.591161516089026,0.593,0.57416763928971,3.0
0.20610008400751045,0.23,0.2484988759505979,3.0
0.1438287598414859,0.172,0.16634763805268765,3.0
0.6338848431353041,0.611,0.613444217818353,3.0
0.6669273059597978,0.628,0.631947616113284,3.0
0.5002116952207374,0.498,0.4906919303921954,3.0
0.19658490348437463,0.228,0.22097032633221944,3.0
0.31172005501608513,0.336,0.32540803256611944,3.0
0.8017787501858007,0.782,0.766608636242415,3.0
0.11382663429359907,0.145,0.13732347598955594,3.0
0.5500953164338052,0.518,0.5447172543822544,3.0
0.802738436619689,0.795,0.7662583903592924,3.0
0.4843238423946332,0.495,0.4879813086233045,3.0
0.25176988793164956,0.28,0.27905816159979596,3.0
0.3300397582210912,0.359,0.3490753795055111,3.0
0.24007781208775325,0.283,0.27856055720265116,3.0
0.640283837418371,0.625,0.6236515568737764,3.0
0.4903870888618933,0.482,0.49147159697216236,3.0
0.14383302235291784,0.156,0.1638071615316864,3.0
0.20443715191155598,0.244,0.2263207533162642,3.0
0.22186407116713558,0.227,0.24893110014571956,3.0
0.11629182577132424,0.145,0.14639464392237264,3.0
0.32037964098779115,0.354,0.3357534986345575,3.0
0.11117286024659712,0.142,0.1364404253001327,3.0
0.16766879484507902,0.202,0.20239051499671334,3.0
0.08444364824357797,0.102,0.10720274839652454,3.0
0.07052591025684052,0.102,0.09617699312048351,3.0
0.5709188704554417,0.564,0.5662289752895828,3.0
0.07190741040888782,0.078,0.08764635375975548,3.0
0.08809554558182098,0.114,0.11281716230466708,3.0
0.54237611517102,0.543,0.5311429207337889,3.0
0.24063180453643163,0.264,0.2652640449032126,3.0
0.16407254977133423,0.213,0.19957622125423644,3.0
0.09262564056362288,0.122,0.11579293372673695,3.0
0.047881260893568145,0.073,0.07066098819938683,2.0
0.34171425535814304,0.335,0.3524950566176344,3.0
0.3736564586436164,0.391,0.3848732630092098,3.0
0.7041801094600526,0.664,0.6676234881516827,3.0
0.33419409533026256,0.346,0.3533881109855522,3.0
0.795355592640811,0.751,0.7623387296129127,3.0
0.30153140684416235,0.338,0.32011259584088564,3.0
0.38368815434798176,0.4,0.3955227486386454,3.0
0.07248721709294836,0.096,0.09929061020470022,3.0
0.1498154131138585,0.183,0.1789631978497187,3.0
0.6251412907649099,0.612,0.6030733957368717,3.0
0.25565483449560755,0.261,0.28131199607933416,3.0
0.8233940797103179,0.78,0.7921622263492086,3.0
0.13189015444402263,0.145,0.1588914695971293,3.0
0.6829927723027288,0.661,0.6508977334375066,3.0
0.5353872536347011,0.519,0.5295868142933846,3.0
0.529538256759575,0.526,0.520108950883232,3.0
0.558247874725107,0.537,0.5481611684473618,3.0
0.47119492781339856,0.485,0.4762667592707375,3.0
0.1620893224006903,0.197,0.20565082408684662,3.0
0.5938771928880349,0.598,0.5846127417705493,3.0
0.45167582149522345,0.456,0.4581541494427651,3.0
0.2289319176609087,0.262,0.27234552743023804,3.0
0.395284621275383,0.452,0.4185062329794676,3.0
0.15923284410277583,0.179,0.18881046255433528,3.0
0.811460968629853,0.808,0.7787606472571995,3.0
0.30533457990207846,0.348,0.3188196544715679,3.0
0.5158158449067168,0.503,0.5138622595602526,3.0
0.37881954650528515,0.378,0.3780523364528907,3.0
0.5863505129164484,0.586,0.5725349300691799,3.0
0.260234691540599,0.29,0.28426569446866645,3.0
0.8157315336062623,0.776,0.7879013826323327,3.0
0.047101727874538146,0.062,0.0562031740710345,3.0
0.24145686064456773,0.259,0.2718141595697399,3.0
0.4326955768049785,0.442,0.4489042586921133,3.0
0.464418327707807,0.464,0.4635155411699342,3.0
0.07440738181645423,0.086,0.08965668669362079,3.0
0.40109016376481454,0.381,0.3919914674156303,3.0
0.26678950828024384,0.316,0.28318066913477247,3.0
0.7354436546341259,0.718,0.7224364545654922,3.0
0.4683561404574752,0.442,0.47500691653196025,3.0
0.20584193851060206,0.226,0.23877380547206892,3.0
0.16114513363081084,0.195,0.18036684269143238,3.0
0.08784213593768353,0.104,0.11451438990776429,3.0
0.11043649534878397,0.127,0.1228386407302143,3.0
0.40003641854394345,0.393,0.40800398669494814,3.0
0.5404479192973356,0.514,0.5392787596339421,3.0
0.6685776242518832,0.653,0.6472008108669665,3.0
0.31203922059233213,0.311,0.33322177645986634,3.0
0.6153229193830072,0.59,0.5958932980532,3.0
0.5730287910117735,0.565,0.5712415959544271,3.0
0.028693419628231465,0.046,0.033378740709870416,3.0
0.14806360178922173,0.157,0.17026968353033062,3.0
0.6991850219870945,0.692,0.6728455699731286,3.0
0.17824237615624428,0.225,0.20328193700306055,3.0
0.5723122321614317,0.579,0.5652083780749312,3.0
0.5260887224547315,0.523,0.5239581122131659,3.0
0.28003932206655713,0.313,0.3042802605367696,3.0
0.3116700828012837,0.298,0.3262944842679455,3.0
0.06504416967864368,0.079,0.07665215337070168,3.0
0.3411669725526639,0.371,0.35852054447540993,3.0
0.09453831711759009,0.13,0.1226734430186611,3.0
0.6211704377345142,0.575,0.6034884195823983,3.0
0.29839573879257686,0.312,0.32467694322190577,3.0
0.12253766558691193,0.167,0.1511849637104269,3.0
0.3436818918909119,0.361,0.36656232245427806,3.0
0.12961413069094796,0.145,0.14666367800426067,3.0
0.28871003387692584,0.316,0.3203728923009174,3.0
0.8400380342883637,0.791,0.8073641760711017,3.0
0.21078794588207173,0.245,0.22792325914016598,3.0
0.6969226070845844,0.682,0.6544570518520892,3.0
0.07672855790786848,0.082,0.09441856000729765,3.0
0.33246109073313657,0.368,0.3537951611795552,3.0
0.23995671834767784,0.291,0.2660067995142873,3.0
0.8580517272462652,0.846,0.8280904203790815,3.0
0.23849946084896578,0.238,0.268291345225611,3.0
0.2469755969624361,0.259,0.2607657512875506,3.0
0.7124353967638535,0.671,0.6933425629750151,3.0
0.5917736379077474,0.581,0.574194709978504,3.0
0.3081197935980676,0.311,0.3170622088824331,3.0
0.728496501115666,0.7,0.6944380727402832,3.0
0.7252686321105789,0.701,0.7031977683767219,3.0
0.48680841882776105,0.475,0.49531516825337213,2.0
0.1289763553070209,0.155,0.1527446972674386,3.0
0.14698346019573205,0.18,0.16981643573712055,3.0
0.2448312826687038,0.276,0.26145257699432745,3.0
0.1896366396700131,0.193,0.21578485639089662,3.0
0.8048208001247601,0.773,0.7676495501774129,3.0
0.09127849942669608,0.108,0.10710896773914654,3.0
0.17955879219951965,0.2,0.21972926902825804,3.0
0.36269051546674147,0.354,0.37043720169620514,3.0
0.09629314434428415,0.102,0.1189643708090305,3.0
0.3932006967493695,0.415,0.4102399097306292,3.0
0.271408779784714,0.296,0.29359643036619754,3.0
0.09675118741201771,0.108,0.1051695038220764,3.0
0.2538353367219891,0.237,0.27144675085091996,3.0
0.22834763737393904,0.259,0.25823495503532584,3.0
0.5422072300095235,0.543,0.5385064137505035,3.0
0.06744268320455182,0.081,0.08447660521813921,3.0
0.5620262266836343,0.57,0.5641237798463098,3.0
0.7431212419871707,0.708,0.7084110144505894,3.0
0.48233385195227296,0.482,0.48358279491482253,3.0
0.4248064735870336,0.44,0.45440863534207154,3.0
0.09450043101742955,0.121,0.11265353159542009,3.0
0.2012914076790725,0.224,0.2236501945502605,3.0
0.2020761214699185,0.239,0.22254934238966073,3.0
0.27562286633664546,0.314,0.2926987887869077,3.0
0.32723957655067293,0.346,0.3425074191584186,3.0
0.25088649883412883,0.268,0.26602776877636897,3.0
0.35814711134854094,0.342,0.35103924862982055,3.0
0.3640949996786125,0.38,0.3815172787797475,3.0
0.6329139850839729,0.636,0.6162400025689005,3.0
0.35309154342040316,0.347,0.370488398704774,3.0
0.6858333714467246,0.679,0.6746931444534877,3.0
0.30110661401541905,0.339,0.32289032430426157,3.0
0.32375390746936117,0.354,0.3436345107226536,3.0
0.29949517671715864,0.292,0.3221201550776595,3.0
0.6160573531159967,0.614,0.5988299143295261,3.0
0.7456557599700347,0.709,0.7074228233580923,3.0
0.08876763165822366,0.108,0.10923709741658073,3.0
0.6540407612614932,0.661,0.640238525011419,3.0
0.4364913132817898,0.43,0.45062337002169744,3.0
0.7095502288782162,0.669,0.6896260461026092,3.0
0.1110699094406381,0.132,0.13730395799274178,3.0
0.5065647514155511,0.518,0.5032812951552417,3.0
0.6049631742514638,0.58,0.5856244703763119,3.0
0.05850111002507219,0.078,0.07631897296482143,3.0
0.769143874492864,0.75,0.7380807041959367,3.0
0.4021314080276397,0.386,0.40372679216757024,3.0
0.8324001941797081,0.794,0.7881614055658597,3.0
0.8454112368609654,0.805,0.8171805117210593,3.0
0.3104254036951676,0.347,0.32941127301981304,3.0
0.08721201805680734,0.107,0.10468067142159661,3.0
0.07512308075911633,0.1,0.09713355449517638,3.0
0.5614499566551526,0.581,0.5507212004757234,3.0
0.14775447806501663,0.201,0.1785882643201505,3.0
0.5305035428600349,0.529,0.5311812911164125,3.0
0.5335469399663595,0.528,0.5302267056890273,3.0
0.2273781221303255,0.256,0.25214402013007803,3.0
0.07438274207391127,0.08,0.0905411737006014,3.0
0.46866096942313684,0.487,0.47815847767543124,3.0
0.40650079435465203,0.447,0.4175791007608912,3.0
0.7097627162791769,0.66,0.6836260144778596,3.0
0.4889722542779714,0.487,0.48675517614639163,3.0
0.34059868233855783,0.344,0.3628322672785308,3.0
0.5720486051276659,0.552,0.5496511691336731,3.0
0.16653286535003275,0.204,0.18706586549748516,3.0
0.6865893333372433,0.642,0.6537853140002641,3.0
0.9117026613548099,0.887,0.8822226584680513,3.0
0.11080937812581104,0.148,0.13635056171490634,3.0
0.5677310882048123,0.567,0.5619794879318709,3.0
0.7516544138139344,0.729,0.7248024620802684,3.0
0.3110804092517341,0.302,0.31853527925127156,3.0
0.28902757573007876,0.297,0.3158353914826429,3.0
0.46537064230368375,0.487,0.46661308597610224,3.0
0.12266558933931604,0.153,0.14628613500169177,3.0
0.4550503017841182,0.449,0.4701102171229554,3.0
0.539706816103987,0.532,0.5341575986076057,3.0
0.46830420297030506,0.473,0.47532134764814193,3.0
0.6731737328482998,0.668,0.6516427993705983,3.0
0.1952624190954234,0.213,0.2185428367861063,3.0
0.09896257541540365,0.134,0.11972636333544243,3.0
0.8358931131671024,0.783,0.8008550078831527,3.0
0.12385553357563406,0.139,0.1434023076212464,3.0
0.667632469152399,0.649,0.6428381683732488,3.0
0.24331711478017248,0.256,0.27000818336168625,3.0
0.5083787974040948,0.501,0.5025334909699056,3.0
0.4458045980417412,0.459,0.443383261930627,3.0
0.12305688504207768,0.154,0.160006520239603,3.0
0.49781355698972163,0.466,0.4997992498100437,3.0
0.29205606434125353,0.329,0.3332384745855295,3.0
0.29853327545950736,0.316,0.3008244458674489,3.0
0.12591941565193832,0.155,0.15555661617604705,3.0
0.4552985133782962,0.458,0.46608804496143774,3.0
0.5626216504137871,0.539,0.5548189676927875,3.0
0.38243842172931086,0.394,0.39458934868264367,3.0
0.36981653889991184,0.365,0.3883151774698768,3.0
0.8546038799984892,0.822,0.8160388860420166,3.0
0.13989480823107692,0.182,0.1688248112186476,3.0
0.21128286505153626,0.215,0.23363279997478176,3.0
0.4493650046785601,0.455,0.4603766270109662,3.0
0.8107641684166824,0.76,0.7754492220752339,3.0
0.5697478006928887,0.577,0.5577496566193162,3.0
0.23323185860498286,0.265,0.24666722933938784,3.0
0.0779310538455712,0.107,0.10354463663330854,3.0
0.24481081555712758,0.257,0.2699781555613841,3.0
0.5307206391177537,0.513,0.5249880701513991,3.0
0.3122804064470517,0.349,0.3412350244647377,3.0
0.7739380474609177,0.738,0.7440369528764279,3.0
0.15148393894867596,0.187,0.16849920449390246,3.0
0.12816152981419848,0.159,0.15077587015666158,3.0
0.21226641182729356,0.242,0.24429711634770518,3.0
0.3735070011940287,0.36,0.3794890109268992,3.0
0.6284735926280283,0.62,0.6099405852456639,3.0
0.1394582346797968,0.16,0.16883385476625729,3.0
0.1984121666580081,0.221,0.24054204117907624,3.0
0.32218785821280416,0.337,0.3345789351029308,3.0
0.12369487333276685,0.161,0.16601361402382725,3.0
0.12924772481149638,0.166,0.15886181603516178,3.0
0.5962747095606915,0.564,0.5863482125998654,3.0
0.46209525475244606,0.461,0.4709159708040623,3.0
0.6051493289562357,0.569,0.5889477726545634,3.0
0.25513034374262045,0.275,0.2706705907791448,3.0
0.19662079410944144,0.213,0.2242970723053856,3.0
0.6517258388987639,0.642,0.6358923470535911,3.0
0.4613692252759919,0.456,0.4701007514100674,3.0
0.4551869026473595,0.457,0.45503842529223415,3.0
0.31738191342607536,0.34,0.3395998592415081,3.0
0.2873987590328849,0.293,0.31067326157853004,3.0
0.6406085522908398,0.66,0.6244132567280875,3.0
0.0795594476088084,0.095,0.10101389136107004,3.0
0.6878778615541735,0.661,0.659093346419575,3.0
0.7684054571747264,0.727,0.7390777959511954,3.0
0.38131687297324757,0.417,0.3923801744162982,3.0
0.3070526241465401,0.305,0.32690922273308887,3.0
0.42648100176275605,0.414,0.4253682680381656,3.0
0.2580921295959374,0.299,0.2871071436617342,3.0
0.38827333644011097,0.391,0.3997705746514606,3.0
0.5446138784682109,0.549,0.5386070116163996,3.0
0.16756911767077798,0.195,0.19438136351759538,3.0
0.7679006685787687,0.708,0.7286214539230983,3.0
0.3319543160427103,0.377,0.3487828116337468,3.0
0.5628381894119576,0.581,0.5689525201960576,3.0
0.4046784092348026,0.419,0.41493162857169014,3.0
0.5330909775803128,0.533,0.5281413253179285,3.0
0.11029890287940969,0.148,0.1386324560813192,3.0
0.4017919425067392,0.441,0.41585502412234593,3.0
0.052160680408893545,0.068,0.06107186040774837,3.0
0.2698721700992762,0.266,0.2759878405004244,3.0
0.6972587014024878,0.67,0.6784173078607356,3.0
0.7217651792987518,0.69,0.6915830316185512,3.0
0.6013863784767893,0.582,0.5822284230922884,3.0
0.2551536307235842,0.293,0.28167335942184396,3.0
0.46693205041461705,0.458,0.48338616918966165,3.0
0.22607676045324232,0.254,0.2630354257685351,3.0
0.20779607946881973,0.249,0.24087619350234624,3.0
0.40489372220385744,0.427,0.4165324715431966,3.0
0.46137466010297523,0.451,0.46608739094729223,3.0
0.11394873395606764,0.144,0.14091557985134354,3.0
0.36905480035515115,0.382,0.3842882312091259,3.0
0.4003954839476286,0.407,0.4112417297684012,3.0
0.5283721156895439,0.545,0.5250148341327887,3.0
0.6477146817692876,0.594,0.6178609977645241,3.0
0.44255273549856955,0.432,0.44937214359303557,3.0
0.16511943941997587,0.186,0.192782713651727,3.0
0.08419245894864458,0.099,0.10206829633897617,3.0
0.535074989862629,0.509,0.530793688459587,3.0
0.13531812800763632,0.178,0.1621739073838239,3.0
0.6317265704667105,0.631,0.6232522662738492,3.0
0.748168186168394,0.711,0.7134533633802277,3.0
0.2656579123207088,0.316,0.30315385974942355,3.0
0.8478249208803412,0.813,0.8124238880482173,3.0
0.7186807147522448,0.709,0.6949996047979388,3.0
0.07663612185573687,0.11,0.09924222830595195,3.0
0.23127867493198107,0.259,0.24983905717122562,3.0
0.7954377632510676,0.777,0.7656685128412335,3.0
0.42959863380221863,0.44,0.4345125514766923,3.0
0.7114019853562665,0.691,0.6830240119500078,3.0
0.25776910188754587,0.27,0.2804340008479422,3.0
0.208690406530473,0.248,0.23199864454760427,3.0
0.15600386543603362,0.191,0.19243087083808527,3.0
0.04827223418440241,0.062,0.061561627519100055,3.0
0.7676937916516697,0.745,0.7326285155856985,3.0
0.7951528531983623,0.755,0.7602822847413335,3.0
0.1583909675524967,0.169,0.1911019868695424,3.0
0.5835130268464501,0.582,0.5736686102064441,3.0
0.10829139750278793,0.14,0.13520725637279846,3.0
0.12149760545008814,0.177,0.16186412900102826,3.0
0.37912195676595595,0.406,0.3980867133719502,3.0
0.7431305513250678,0.694,0.7005105212962457,3.0
0.14190230178115637,0.186,0.17481738041750447,3.0
0.6998474041862697,0.672,0.6737572630569184,3.0
0.09439646607998275,0.123,0.11683033678753997,3.0
0.14184112298894946,0.169,0.1822202212296563,3.0
0.2904101237075515,0.316,0.29931224017052993,3.0
0.21193386468903241,0.237,0.23235093527384046,3.0
0.18013354194398723,0.214,0.20660203710996086,3.0
0.6250972289160599,0.613,0.6066490167907306,3.0
0.6556470499032314,0.605,0.6311371026764109,3.0
0.18655501450815748,0.228,0.2211175664144195,3.0
0.19401049637911294,0.216,0.2289504293911959,3.0
0.10283469791749533,0.118,0.1266623800539297,3.0
0.25472048884108067,0.287,0.2822902873973158,3.0
0.6119758261298651,0.598,0.6038706408954204,3.0
0.3872182281446904,0.382,0.40021513611633514,3.0
0.7052465649455987,0.677,0.670352768802803,3.0
0.18076250805093463,0.202,0.2103445513092173,3.0
0.6088179676405971,0.577,0.582277828846524,3.0
0.11367534539502067,0.143,0.135396210263859,3.0
0.7913428743127161,0.766,0.7620772869508431,3.0
0.05912002681647566,0.091,0.07819659423577553,3.0
0.48238471201918265,0.473,0.47524784350170657,3.0
0.4952935453209333,0.496,0.4846834712399466,3.0
0.19455403129994675,0.229,0.221203923041745,3.0
0.05206107702918239,0.065,0.062047539134990295,3.0
0.10622905303649455,0.126,0.12557843897328663,3.0
0.6625274020923129,0.613,0.6393082360139049,3.0
0.7263340655752477,0.697,0.6920347440355242,3.0
0.6574204544585682,0.631,0.6326754055802186,3.0
0.2940476328853746,0.311,0.32287858846578066,3.0
0.5851320261094176,0.531,0.5622210448064785,3.0
0.3048789243544623,0.332,0.32822916885267406,3.0
0.08671033288742569,0.114,0.11297216368913764,3.0
0.5483105965930367,0.541,0.5362548123284846,3.0
0.6857427293076646,0.65,0.6648718151945517,3.0
0.09781790904914223,0.118,0.12821443596687543,3.0
0.2559367994010613,0.263,0.27694689169357645,3.0
0.7638019962831923,0.728,0.7282821912775382,3.0
0.8158814999952578,0.791,0.790156039649503,3.0
0.3917696219393072,0.402,0.405754334379937,3.0
0.30754879271758995,0.32,0.33571258763687156,3.0
0.4987806364398707,0.49,0.5087595929969324,3.0
0.2588935055682122,0.294,0.2887481354469446,3.0
0.11216561666221592,0.142,0.13905011201495773,3.0
0.22474020585744903,0.254,0.24389956345634672,3.0
0.10797988782226531,0.114,0.12854215194912658,3.0
0.6960504180872435,0.629,0.6559989341453247,3.0
0.3591216362070748,0.374,0.3708827754752196,3.0
0.24677137481329825,0.281,0.27026254851221626,3.0
0.20772953000138838,0.25,0.2311615072974303,3.0
0.5845244948811632,0.561,0.5594083139779383,3.0
0.8167083166419791,0.787,0.7847310792476475,3.0
0.24675142862643806,0.27,0.2754063072067735,3.0
0.708131371968318,0.68,0.6963786355997258,3.0
0.04219258404949544,0.042,0.04565482582165984,3.0
0.49665719607099124,0.471,0.49600073558651797,3.0
0.728605941651,0.683,0.7022871171250809,3.0
0.183588451992715,0.224,0.20033020603887003,3.0
0.37117915924408695,0.388,0.38243956289366204,3.0
0.3187214699504961,0.338,0.33086961287793654,3.0
0.6464179291760347,0.609,0.6173425042983932,3.0
0.33353727098605124,0.344,0.35811652477685646,3.0
0.4844945806873612,0.496,0.4691744310202452,3.0
0.11516114387337173,0.146,0.14304380631772054,3.0
0.08622689182846632,0.108,0.10976593015744597,3.0
0.5804144775813698,0.575,0.5682468859290563,3.0
0.7938626469854106,0.776,0.763467816967752,3.0
0.4694662823181833,0.491,0.4671408648345997,3.0
0.2272913285677144,0.197,0.24073949552492577,3.0
0.073299200336843,0.081,0.08880186530291904,3.0
0.6391541358252597,0.649,0.6224355006342284,3.0
0.34204985477835903,0.366,0.3644229373575239,3.0
0.7500892100912012,0.705,0.7107049263495216,3.0
0.12423540148937451,0.148,0.1530662152871372,3.0
0.31016767482755336,0.346,0.32785504694691137,3.0
0.3219766382899176,0.359,0.3518131670222583,3.0
0.543285701139373,0.534,0.5329521269667293,3.0
0.7725775651657895,0.736,0.7449202431533984,3.0
0.08572680746527606,0.105,0.09611003819472673,3.0
0.20062300486887452,0.223,0.23115873815849494,3.0
0.7782486193880452,0.771,0.7595960509520273,3.0
0.49431223248429634,0.467,0.48886969373985567,3.0
0.6344862689829793,0.612,0.616249926600993,3.0
0.17170332825121182,0.198,0.19798654542211097,3.0
0.04290251478605922,0.068,0.05777406884732771,3.0
0.6583582330917833,0.612,0.6298334421710462,3.0
0.7302036390410196,0.697,0.7051454555189509,3.0
0.5753344230515696,0.593,0.5636419637796863,3.0
0.35967005348920433,0.38,0.3682933672294805,3.0
0.05181401808206321,0.063,0.06964918208749157,3.0
0.6081570514758361,0.585,0.5894726473740756,3.0
0.135653731765899,0.168,0.15850541635619422,3.0
0.3258385837684843,0.373,0.34602271865284717,3.0
0.07415181463548681,0.1,0.09412193471728725,3.0
0.24296619657698415,0.258,0.2606921509449512,3.0
0.3097007823830178,0.307,0.3221061902506011,3.0
0.2667858806633847,0.285,0.2866912775203398,3.0
0.5165640992515786,0.508,0.5219365399290765,3.0
0.788321126860867,0.744,0.7622510238467823,3.0
0.49553414649958305,0.486,0.49004734443631454,3.0
0.4502229429027389,0.466,0.47209375736563153,3.0
0.7801009968436446,0.759,0.7543016782062059,3.0
0.7662779696522989,0.731,0.7442375962265368,3.0
0.47588178057173747,0.463,0.4754741773398716,3.0
0.31965723363582954,0.312,0.3299501215929024,3.0
0.23813690245731656,0.264,0.27137659497930516,3.0
0.6739935852751537,0.634,0.6527941921551547,3.0
0.11073193390539993,0.144,0.1425290991822581,3.0
0.2964848284044749,0.319,0.3323871251211529,3.0
0.6334326693572546,0.618,0.6241483173534313,3.0
0.11551715898658177,0.147,0.1393333962019928,3.0
0.35751085911736113,0.37,0.38211149716569354,3.0
0.4373529414673041,0.445,0.43921619099235104,3.0
0.48418873472398216,0.482,0.4829763164996045,3.0
0.4767974632313301,0.485,0.48192566959786337,3.0
0.13686704373725567,0.185,0.16696152874330542,3.0
0.35044172019790254,0.363,0.3785924099177942,3.0
0.1238513070036309,0.165,0.1518907439356945,3.0
0.038604894555172686,0.05,0.0494887471306135,3.0
0.20923362338655604,0.245,0.23992440786456157,3.0
0.6685744572256318,0.656,0.6480588166740948,3.0
0.5181979070193695,0.52,0.5157056369708479,3.0
0.36888873076858075,0.405,0.3937653645245642,3.0
0.09218723552371377,0.103,0.11741488790603469,3.0
0.1577744206861179,0.194,0.1920759649394962,3.0
0.10164299710188929,0.127,0.12174307547883971,3.0
0.4631422725476071,0.451,0.4706644226898925,3.0
0.3913306835595599,0.39,0.3983235069871354,3.0
0.3228347945290905,0.333,0.34850074381522717,3.0
0.238774479758611,0.264,0.2728334304094842,3.0
0.03306532668135753,0.034,0.04420485140611912,3.0
0.06926213719801944,0.088,0.08303734141535728,3.0
0.04118549556244189,0.048,0.05096915250139665,3.0
0.03198768176250333,0.036,0.03623232602892492,3.0
0.4442015453251148,0.446,0.44922928274520846,3.0
0.10467872929577537,0.136,0.12127037248106581,3.0
0.25989172015074224,0.287,0.2929706425388384,3.0
0.311778101271145,0.327,0.34694191264664137,3.0
0.2530746195562531,0.259,0.26254984937470677,3.0
0.08317492014919758,0.091,0.10889421266215839,3.0
0.13073179818258795,0.141,0.14713506060463422,3.0
0.3103842444764662,0.319,0.33207129000435637,3.0
0.6594919817832432,0.651,0.6358661995582066,3.0
0.256850015198718,0.284,0.2774540768772111,3.0
0.10111906589493325,0.109,0.12157859292219281,3.0
0.37579726900597543,0.389,0.3943885865375638,3.0
0.22470920262430483,0.257,0.24663247400315333,3.0
0.5560276417062929,0.533,0.5455481721340865,3.0
0.6553062636055222,0.68,0.6358995975731019,3.0
0.6121180368331203,0.596,0.5937621915008724,3.0
0.5620284885524099,0.577,0.5515694397829829,3.0
0.20767471177338948,0.212,0.22570160139438036,3.0
0.27898549464539557,0.327,0.3052125475498965,3.0
0.2877527981435726,0.341,0.31729407435520085,3.0
0.6716214326789504,0.641,0.6496736535235297,3.0
0.8372193345619227,0.791,0.8018908819571168,3.0
0.5623623952892305,0.56,0.5480067749968021,3.0
0.2472182021124627,0.298,0.29474645693871654,3.0
0.15197944376322015,0.185,0.18098409685329403,3.0
0.21158643274331446,0.217,0.23760423804668213,3.0
0.6207425047789816,0.617,0.6100835747977099,3.0
0.08959300388650993,0.106,0.11402736738795972,3.0
0.71172672594048,0.671,0.6852353318568515,3.0
0.10497883624837157,0.146,0.13176614244377163,3.0
0.15595992787842727,0.204,0.18953683135159388,3.0
0.10576680971707497,0.145,0.12914950958087126,3.0
0.06493317897495754,0.069,0.07843851665477193,3.0
0.10857811782606208,0.117,0.12877376421710213,3.0
0.3287086405152929,0.358,0.3469560744567649,3.0
0.30030224305096587,0.309,0.31911796439630735,3.0
0.708730510212938,0.701,0.67716318688418,3.0
0.09252062745582201,0.108,0.10860019924347694,3.0
0.6283215716186719,0.587,0.6061118773289376,3.0
0.11399983454995544,0.157,0.14430333544016316,3.0
0.6718120700591965,0.65,0.642656347011638,3.0
0.11867179512292347,0.142,0.14498721627971178,3.0
0.10359592006361762,0.128,0.12899717355240972,3.0
0.0649829679310967,0.088,0.08837834473677762,3.0
0.07398877264900583,0.093,0.09072855264587822,3.0
0.7802378332021491,0.731,0.7391457392182402,3.0
0.05758133095602391,0.094,0.07866224897364467,3.0
0.13518718083514547,0.168,0.1638941031009509,3.0
0.5375546589274547,0.564,0.5384073059055466,3.0
0.09948138487059177,0.122,0.12056422370611553,3.0
0.3864767127322113,0.421,0.4106476970375132,3.0
0.05209923320115262,0.062,0.06735849370470347,3.0
0.6882623604696605,0.655,0.6704345625851885,3.0
0.11491237656833886,0.147,0.14413996792117353,3.0
0.7266708438920266,0.7,0.6957884959355984,3.0
0.49775961981057193,0.52,0.49789416248495594,3.0
0.5513362550439092,0.555,0.5485796819157739,3.0
0.46713558069813277,0.483,0.47489085937118963,3.0
0.10615182368935516,0.119,0.12843009678843242,3.0
0.07899281404543224,0.114,0.10749406913630127,3.0
0.14517333662699272,0.185,0.16994840164030464,3.0
0.5532221826739868,0.543,0.5412696776890603,3.0
0.0673424218043478,0.081,0.08569155471207739,3.0
0.6541471992910659,0.66,0.6239502567916602,3.0
0.09234289754732716,0.132,0.12426850438976646,3.0
0.6390899737818454,0.623,0.6198463127227213,3.0
0.14588295767254522,0.148,0.1697110620559718,3.0
0.66571740847164,0.63,0.6416600978045703,3.0
0.09615533378570662,0.142,0.13348214516949874,3.0
0.7391121025441565,0.697,0.7062092858645176,3.0
0.3194497794198782,0.338,0.3556488435156288,3.0
0.07052724185029591,0.095,0.0953558044238125,3.0
0.10667142857896361,0.135,0.13129657939660244,3.0
0.2252356457586271,0.249,0.2452562616574522,3.0
0.6863889171897956,0.656,0.6634139128029231,3.0
0.6599145954104322,0.636,0.6293782560551906,3.0
0.27083286852758104,0.292,0.2938250936594478,3.0
0.5177206456295269,0.525,0.512981075271473,3.0
0.7082883853035232,0.686,0.6922087667099845,3.0
0.7673301503448748,0.712,0.7283153464536456,3.0
0.11511434803674314,0.155,0.1501338528678456,3.0
0.7438026797346805,0.745,0.7265451595874899,3.0
0.060542469269931454,0.078,0.07698021237012649,3.0
0.4980842217287824,0.494,0.49210901935070134,3.0
0.0327337913878345,0.04,0.04265941764078889,3.0
0.6883083295082946,0.678,0.6633144130200618,3.0
0.44702477401255525,0.468,0.45240635318225814,3.0
0.743854658537908,0.698,0.7117539742638725,3.0
0.07860158572911191,0.107,0.10469721072588349,3.0
0.204224240534162,0.216,0.21995052147267555,3.0
0.7676769703232508,0.755,0.7302852980901907,3.0
0.5049599153556957,0.512,0.50380671877901,3.0
0.06460176492243885,0.075,0.08586222397362742,3.0
0.6385162810215473,0.619,0.6158903656255843,3.0
0.06488385093056359,0.094,0.08201935572360206,3.0
0.07032714317170419,0.083,0.09708584346396537,3.0
0.3036102732726984,0.318,0.32361279215582966,3.0
0.26889609780660406,0.291,0.292515591614037,3.0
0.1318548150912241,0.138,0.1628250965861206,3.0
0.6662351898240764,0.645,0.6467690959041568,3.0
0.04780262530163537,0.067,0.05827370458581476,3.0
0.2221837715445275,0.261,0.25377848895158767,3.0
0.14726734452325896,0.162,0.17214030469379338,3.0
0.5356825334752124,0.511,0.5343185952610433,3.0
0.5923479113525838,0.595,0.5805962084593553,3.0
0.2725400098966255,0.297,0.2902680632928887,3.0
0.6688978828489573,0.653,0.6442394368906528,3.0
0.328769564342115,0.327,0.35039347852102476,3.0
0.11834991292618313,0.127,0.1386475049030569,3.0
0.08184043219528137,0.117,0.10632128768428804,3.0
0.4249822525822392,0.435,0.4294496129684109,3.0
0.5152475297454389,0.516,0.5119461889660483,3.0
0.5158338884789135,0.511,0.5050217160654165,3.0
0.221012914258365,0.246,0.24967933410611462,3.0
0.24559304582342234,0.258,0.2573984456484686,3.0
0.5037206953525081,0.47,0.4906789088892824,3.0
0.6845612618013194,0.661,0.6635132159309363,3.0
0.05180507660264022,0.071,0.06953219654488582,3.0
0.6549152885087057,0.617,0.6305978999797274,3.0
0.5910882313348668,0.561,0.5775399407755522,3.0
0.1485501312412315,0.149,0.16627053712925477,3.0
0.0605726325076581,0.084,0.08119884297480104,3.0
0.45885553352967,0.433,0.45080555977787606,3.0
0.12749254931655718,0.147,0.15195650452798176,3.0
0.24394987639797183,0.256,0.2620472288271194,3.0
0.6677140185089934,0.623,0.6476516452391246,3.0
0.7214100442816276,0.714,0.7022356865797442,3.0
0.5415857857527913,0.541,0.5346360005587817,3.0
0.22217421558379224,0.264,0.24332336346430009,3.0
0.3695086221937698,0.393,0.38230117705947936,3.0
0.793360425083626,0.752,0.7662229889757988,3.0
0.17617956312933536,0.207,0.20115601671347824,3.0
0.23215629087347467,0.254,0.2595296834809321,3.0
0.11282671352912577,0.135,0.13726907514633108,3.0
0.22206547682556887,0.246,0.24631713749235232,3.0
0.09954530139844986,0.135,0.13631643267233218,3.0
0.5858579399186297,0.573,0.573296724875126,3.0
0.42221633879279297,0.448,0.43823200085731295,3.0
0.5218023486153989,0.542,0.5150029388818638,3.0
0.557729205656954,0.551,0.5463791013895241,3.0
0.9154835275024843,0.886,0.891029635944566,3.0
0.175991184872889,0.205,0.2040301617065908,3.0
0.19265869824669934,0.207,0.2221472469560118,3.0
0.23511042934881232,0.258,0.24879636934785124,3.0
0.3119427367976335,0.335,0.32961371444494025,3.0
0.1310473479232368,0.148,0.14698063123773006,3.0
0.21590751447707768,0.24,0.24062508333339636,3.0
0.3078647168105322,0.354,0.34319735724739975,3.0
0.4010376257570818,0.436,0.4176164893040822,3.0
0.04744343405545004,0.059,0.061317454302801604,3.0
0.1521839397088659,0.191,0.18092239364043772,3.0
0.5151558792822544,0.556,0.5051691667552907,3.0
0.16399104965841205,0.203,0.1889105687806015,3.0
0.10997134255472851,0.148,0.13169962276565167,3.0
0.2543492822063155,0.278,0.27761899676900437,3.0
0.6029008327462131,0.591,0.59660987096472,3.0
0.4687743615362393,0.465,0.4676336787646224,3.0
0.09916656647292388,0.092,0.11990449751475142,3.0
0.23356163586450085,0.26,0.2731427090938701,3.0
0.48001204015933274,0.477,0.4714623117846949,3.0
0.6263697812469167,0.631,0.6064694162414105,3.0
0.43747312684953366,0.424,0.4451255090343638,3.0
0.27715867648150805,0.286,0.30318985263075254,3.0
0.3466063448318313,0.355,0.362460960231337,3.0
0.8069447866504219,0.781,0.7761141407443723,3.0
0.09631463895600845,0.148,0.13414020585139497,3.0
0.058122269148976,0.082,0.07666484764274728,3.0
0.35905951831381533,0.383,0.37658904760275974,3.0
0.6795208138764668,0.671,0.6575513672596777,3.0
0.5941168829899887,0.572,0.5841730024369312,3.0
0.37569940104797506,0.367,0.37726754371912874,3.0
0.15743599599903157,0.204,0.19099485987014553,3.0
0.10087684407797592,0.109,0.12420776798404978,3.0
0.6159628615788928,0.58,0.6020609452236383,3.0
0.2573386237965267,0.287,0.28256067741966245,3.0
0.3754955328021268,0.357,0.38916647730998843,3.0
0.09062720981134187,0.1,0.11894864949166187,3.0
0.7518008181516322,0.72,0.7142853357717347,3.0
0.329664305386262,0.336,0.34944648361899927,3.0
0.39368263349201094,0.43,0.39943837006400384,3.0
0.6272254116866232,0.596,0.6043744194724083,3.0
0.5061356569727256,0.531,0.5099139098814104,3.0
0.35969757416539305,0.37,0.3924605645325081,3.0
0.13365980035344371,0.147,0.15129485858883662,3.0
0.6158861663431769,0.59,0.5955010981447437,3.0
0.5411144713065272,0.543,0.5346524486032374,3.0
0.23387595611366185,0.257,0.26385532648780885,3.0
0.5509917358916268,0.526,0.5395022204776968,3.0
0.6359796244989144,0.602,0.6045515625384008,3.0
0.319297923026047,0.353,0.34542752038775637,3.0
0.39179200010457216,0.412,0.407551299493396,3.0
0.7470156840668618,0.729,0.7178015530905183,3.0
0.660685768093487,0.643,0.6456529661111404,3.0
0.692091411244089,0.657,0.6617624940873811,3.0
0.16791949712583198,0.184,0.19745570765432172,3.0
0.5849948400344929,0.579,0.5709365447258697,3.0
0.22197075414461098,0.281,0.25593302949570335,3.0
0.12988742480161797,0.166,0.16579037572668495,3.0
0.563221469104127,0.533,0.5488822863757709,3.0
0.1767430511228466,0.231,0.21704621563416107,3.0
0.25955492834944827,0.262,0.27895161545415775,3.0
0.059769246983286006,0.085,0.0751289381426748,3.0
0.4955865135695705,0.501,0.4856469189983752,3.0
0.124764591835695,0.164,0.15050762322803563,3.0
0.25898792950667615,0.277,0.280188963016281,3.0
0.14392924392492445,0.164,0.16497385405036885,3.0
0.32038802037605285,0.331,0.3520866786050273,3.0
0.16709346587500784,0.201,0.19733668743951105,3.0
0.8880514686647537,0.862,0.8680978962825445,3.0
0.046355417679799005,0.067,0.06261964407575689,3.0
0.08980417564246035,0.099,0.1119666171457521,3.0
0.2969277612850977,0.338,0.3259611736801428,3.0
0.34207660539564344,0.343,0.34961030526275066,3.0
0.4275700934261133,0.419,0.4342836649607177,3.0
0.38589023537581013,0.405,0.3909152123214756,3.0
0.11050146929682214,0.138,0.14460625568215663,3.0
0.5358201738919703,0.51,0.525603992848022,3.0
0.6582169935926585,0.606,0.6371012472666235,3.0
0.5688175197318144,0.569,0.5600543474172978,3.0
0.04505236978980376,0.052,0.05361850966278029,3.0
0.534846144122773,0.521,0.5350392736425467,3.0
0.6949424823146854,0.627,0.6611410337736789,3.0
0.24277034882854676,0.27,0.26361547244476696,3.0
0.6086120170849032,0.587,0.5841481510103691,3.0
0.20818761393225238,0.253,0.23488654152932906,3.0
0.23957276243363967,0.278,0.2818200831578817,3.0
0.725459576194061,0.705,0.6944960870143889,3.0
0.14182186794313978,0.168,0.16672938299067308,3.0
0.5533859791342317,0.551,0.5463850976724035,3.0
0.3293815731416264,0.332,0.3437111248919369,3.0
0.778653092024056,0.761,0.7447630693982379,3.0
0.0496859950767059,0.06,0.06804805062371855,3.0
0.6751620089320742,0.626,0.6468840489881407,3.0
0.655289689910203,0.648,0.6312486490102239,3.0
0.06618234003910595,0.076,0.07646586097953069,3.0
0.8142967862437911,0.775,0.7753883435272542,3.0
0.3280188970206982,0.334,0.35037327241316646,3.0
0.15255882671748233,0.207,0.19248320654124737,3.0
0.1950124514663918,0.245,0.22729351093655556,3.0
0.15498340127082577,0.185,0.1792175502778366,3.0
0.20076547954994117,0.263,0.2502438764149439,3.0
0.34677868995756866,0.404,0.3603419475714248,3.0
0.23337007269809062,0.268,0.26487646264235737,3.0
0.09350183172161564,0.115,0.1165829617031537,3.0
0.4960937885516592,0.484,0.4847084059350832,3.0
0.24278202630431622,0.241,0.2751284721079394,3.0
0.5590579997580698,0.552,0.5496848282512325,3.0
0.11480881598484716,0.139,0.1423670639371471,3.0
0.49265808633864805,0.484,0.4885750706848821,3.0
0.7625990576955655,0.703,0.7244608767903886,3.0
0.06170874347110211,0.076,0.07555870740151785,3.0
0.4370112484169735,0.431,0.4468499681144357,3.0
0.2794780132814515,0.3,0.29614886889877146,3.0
0.5022391634142052,0.491,0.4986259255253589,3.0
0.10755242458993797,0.125,0.13405528198462688,3.0
0.17045707921956899,0.19,0.19080812752593007,3.0
0.05657378503205901,0.06,0.07530242113050753,3.0
0.34663990100450504,0.362,0.37738648510813355,3.0
0.48771925371947633,0.461,0.47787981888608194,3.0
0.609851902946305,0.576,0.5921539881180483,3.0
0.05299735982895071,0.085,0.0664872274625106,3.0
0.13274909311138616,0.15,0.1668095220222442,3.0
0.48608356669362973,0.51,0.5034502816059752,3.0
0.7590856578939452,0.748,0.7284145354623603,3.0
0.5849572424001815,0.561,0.5637711035803851,3.0
0.7619370498174974,0.742,0.7268921799469661,3.0
0.3110935897361654,0.316,0.3262265936671061,3.0
0.6273594700001145,0.596,0.6076746780686094,3.0
0.7537065002156963,0.737,0.7216721828722972,3.0
0.3047600617953363,0.33,0.32815818506169026,3.0
0.1656833517620282,0.189,0.19077924683263492,3.0
0.2562821700714397,0.281,0.2854705364172663,3.0
0.07769315449001457,0.09,0.08800090359201898,3.0
0.11383588868750216,0.159,0.14770920692457928,3.0
0.4722887558641854,0.456,0.4794431025713576,3.0
0.23853866191501982,0.269,0.2783372383225267,3.0
0.21555461245741825,0.255,0.2531446731831886,3.0
0.2601611025335475,0.281,0.2736923971298679,3.0
0.5509547938924197,0.546,0.5383686867092263,3.0
0.28296021730680576,0.325,0.31422676001157374,3.0
0.0731035418938728,0.088,0.08962519321894463,3.0
0.8527537678281052,0.837,0.8310242449901437,3.0
0.5217049513449177,0.48,0.5086202755311479,3.0
0.7080470110241355,0.686,0.6806087707416741,3.0
0.3149273814262987,0.326,0.3387171496909206,3.0
0.07237572163213091,0.096,0.09479510526109104,3.0
0.09140033306202977,0.101,0.11589224986859742,3.0
0.6459485928067195,0.622,0.6276802893315828,3.0
0.05020474355240001,0.069,0.06440479524237948,3.0
0.2761407034570512,0.302,0.308118373142108,3.0
0.13033589920525246,0.179,0.16302079150213927,3.0
0.05729164031458567,0.062,0.08041345911760346,3.0
0.588986631098269,0.568,0.5651780206809656,3.0
0.23903420189462177,0.289,0.2649744324556907,3.0
0.5114075413643373,0.506,0.5027276821953264,3.0
0.516650129387987,0.522,0.5150527339197088,3.0
0.06483797726683238,0.073,0.08323956769828013,3.0
0.08297721389015122,0.115,0.10853854758235679,3.0
0.3007857041928925,0.317,0.31381455698626276,3.0
0.46716194916613163,0.465,0.4762245362451246,3.0
0.43850562515401925,0.433,0.44359291514753385,3.0
0.17778728678005495,0.204,0.19648336355470425,3.0
0.4429006457697423,0.452,0.44542493009481243,3.0
0.6051885798560266,0.586,0.5923097259457653,3.0
0.20556140235627152,0.219,0.229333419336825,3.0
0.48479621204516454,0.458,0.48858362956212475,3.0
0.5156292039159928,0.506,0.5196617320933493,3.0
0.11579222707846637,0.156,0.14986943104894285,3.0
0.3930296007879813,0.418,0.4073037292875743,3.0
0.4978434280714059,0.499,0.49457496496415837,3.0
0.5040443647950081,0.493,0.5032002278075052,3.0
0.110338621695667,0.13,0.13495894820826101,3.0
0.12441978742147408,0.157,0.1546021049074237,3.0
0.34363499277592036,0.368,0.36733723077686053,3.0
0.17309627301864117,0.182,0.18627902324713339,3.0
0.09486589859469663,0.125,0.12381445190482962,3.0
0.11180686394378736,0.129,0.13307666621917805,3.0
0.4622993769255309,0.458,0.4580454767792409,3.0
0.2550838891462157,0.304,0.2753657360423252,3.0
0.03917110355035447,0.045,0.053760292166280206,3.0
0.7545900128244104,0.712,0.7193946067737508,3.0
0.27786653145504403,0.305,0.3045015163772024,3.0
0.08592362691641586,0.113,0.103668333838425,3.0
0.574512549102389,0.555,0.5711593541804588,3.0
0.21391138467096804,0.247,0.24310980429690474,3.0
0.7556445532669507,0.725,0.7194649374625928,3.0
0.27287472202091845,0.294,0.3087499036794516,3.0
0.6570328562864175,0.632,0.6249441228411032,3.0
0.8599387829055258,0.815,0.8285206133847157,3.0
0.10189815840870775,0.127,0.1127482899723954,3.0
0.48970680600060723,0.485,0.4917204381604663,3.0
0.7349640347323566,0.688,0.6977451391124349,3.0
0.0789865430097163,0.102,0.09369172812764828,3.0
0.24359379647934776,0.268,0.2749365410289245,3.0
0.30890401047982585,0.3,0.3295362401848476,3.0
0.09291431111182735,0.12,0.11408493021764633,3.0
0.4168170324308923,0.432,0.4276527950090792,3.0
0.41184324286337093,0.439,0.4191720270302698,3.0
0.1826959508642747,0.204,0.20453183521234033,3.0
0.07135250443196739,0.09,0.08721823248632958,3.0
0.19588718879705536,0.215,0.2100495172429477,3.0
0.4160055618464811,0.428,0.4203249712508633,3.0
0.12509613952867127,0.151,0.14569565477011032,3.0
0.20383206628617656,0.256,0.2337985742058871,3.0
0.6600636285035949,0.627,0.6407830969958668,3.0
0.08497889156052707,0.116,0.11068058333204586,3.0
0.0743053318788568,0.109,0.10572028679285929,3.0
0.11134821183899579,0.126,0.12580522658332152,3.0
0.39459075098163,0.423,0.4116912779521366,3.0
0.10918558515756338,0.141,0.12201190483868478,3.0
0.5130940960611088,0.517,0.5178683704572191,3.0
0.23201674042265485,0.261,0.2672194789748347,3.0
0.7044955128285139,0.641,0.6673648514667986,3.0
0.7711175222652613,0.734,0.7327521310838906,3.0
0.11608398539769083,0.152,0.15323462603119586,3.0
0.3430063678075119,0.361,0.3535915217145376,3.0
0.7320423144202299,0.732,0.7062536171296094,3.0
0.10910058388208721,0.142,0.13402482052001932,3.0
0.8068919369058525,0.764,0.7792680589406092,3.0
0.44415701427349696,0.466,0.45307552385839056,3.0
0.5213133549496772,0.525,0.5156878901784788,3.0
0.20331452577878228,0.218,0.23052619936820293,3.0
0.7720304322297181,0.767,0.7396258611615963,3.0
0.4427671897631982,0.432,0.4529763544303044,3.0
0.5199779973559435,0.526,0.5167769062120211,3.0
0.23381010671550706,0.272,0.2587751824193222,3.0
0.5183151399741204,0.524,0.5070606707722519,3.0
0.42929048676012715,0.436,0.4434285621234471,3.0
0.6311184022176552,0.603,0.608621569778852,3.0
0.04172155356619811,0.055,0.05079751961672268,3.0
0.12969227769333247,0.182,0.16793402345433256,3.0
0.6088960023729515,0.609,0.5991768372053662,3.0
0.12545908111436566,0.148,0.13893596662746457,3.0
0.037049775671727514,0.051,0.046899794683625706,3.0
0.4336632565486269,0.457,0.45165790017944507,3.0
0.5768724374002994,0.596,0.5782084963909074,3.0
0.07735362735062479,0.09,0.08841828550496708,3.0
0.6504172812694198,0.669,0.6415907263142534,3.0
0.1198954364398035,0.125,0.13220459167753107,3.0
0.271175704060334,0.273,0.29587437135688693,3.0
0.1883319450564236,0.233,0.2322514432014487,3.0
0.2831432952825673,0.303,0.31589280785625307,3.0
0.5050001025730022,0.497,0.5019030640800727,3.0
0.2690947150569224,0.301,0.291477331583291,3.0
0.47616758434776385,0.494,0.4752799636008645,3.0
0.5449415975273366,0.546,0.5314471295333697,3.0
0.06607896826643134,0.075,0.07881725757124722,3.0
0.13705931740274402,0.17,0.17207728542237324,3.0
0.11112309573879875,0.129,0.13293105361701366,3.0
0.14916561346134338,0.181,0.1698011012080131,3.0
0.10426384050754334,0.115,0.12258524484594832,3.0
0.44074708911528704,0.445,0.4607379666398058,3.0
0.38553674254978687,0.396,0.3954963346040845,3.0
0.5238543739134285,0.53,0.5222060485891138,3.0
0.07963191194390296,0.081,0.09955479573092887,3.0
0.7776611464733997,0.753,0.7552483732185102,3.0
0.07402163311637566,0.077,0.08505618436973658,3.0
0.7448547300927421,0.705,0.6966691759529389,3.0
0.43021082443575964,0.432,0.44998412424454065,3.0
0.269691229498058,0.284,0.2968650135447789,3.0
0.6252880134195198,0.559,0.604796020895158,3.0
0.23216552113745037,0.254,0.26252601086668126,3.0
0.6453547579609193,0.641,0.6312967294338976,3.0
0.5865697715537506,0.566,0.5749813558351395,3.0
0.5277583797878207,0.554,0.5406975541199284,3.0
0.6065761369034741,0.592,0.5876491330349092,3.0
0.5663987537941115,0.553,0.5639777423027759,2.0
0.635882925662592,0.6,0.6003797227530805,2.0
0.3778269938245462,0.375,0.38836851939914147,2.0
0.3573122095897352,0.394,0.3978866068767001,2.0
0.8399038038587986,0.801,0.8046560120276407,2.0
0.05188030399193133,0.046,0.06257105436533386,2.0
0.6140636259698413,0.571,0.591815332244618,2.0
0.03865888629691594,0.04,0.046231322899657916,2.0
0.6833143916740951,0.632,0.6528642681372044,2.0
0.7017962085070911,0.656,0.6647104797542114,2.0
0.15157906644797514,0.218,0.19028799985821684,2.0
0.23193162558145375,0.257,0.2605468791070086,2.0
0.33663556059677513,0.367,0.3677359680809433,2.0
0.4247312406607341,0.444,0.44423937345971065,2.0
0.2634019023014057,0.309,0.2890847095919795,2.0
0.626679432495492,0.609,0.6040888036862079,2.0
0.16852201854856974,0.237,0.2394539181888064,2.0
0.5881149293332573,0.564,0.5695680327598497,2.0
0.324502053401598,0.338,0.3535845496187941,2.0
0.1251164787565454,0.17,0.1720949044729515,2.0
0.30188262321481674,0.338,0.34194965815341843,2.0
0.49810683512969733,0.498,0.5034213529760693,2.0
0.5157066790680653,0.517,0.5156613493976399,2.0
0.8132623625233012,0.768,0.7687582583231504,2.0
0.09150729779497191,0.127,0.12676692115875215,2.0
0.5952260945493977,0.585,0.5876053535842473,2.0
0.3748851350327107,0.392,0.37991360200861446,2.0
0.31925803779617623,0.411,0.404286083166257,1.0
0.6956730491926412,0.633,0.654768313804253,2.0
0.26368194523681177,0.298,0.2902334517784149,2.0
0.33362149868299107,0.314,0.33764699126064246,2.0
0.06078510152431782,0.076,0.08786631621350338,2.0
0.49598149874984554,0.498,0.4880627436507361,2.0
0.5059986635819511,0.466,0.4951804392419605,2.0
0.4043465720595213,0.424,0.4146541460269043,2.0
0.2432315673452411,0.265,0.25935412913390166,2.0
0.06687838945672464,0.097,0.09805906745308354,2.0
0.27373433585092866,0.341,0.3293441463293393,2.0
0.7110360727113485,0.7,0.6932883496622548,2.0
0.134085315395169,0.165,0.18168927553308972,2.0
0.6090667142378983,0.595,0.5897506926892364,2.0
0.03271390897503046,0.037,0.047287851684117976,2.0
0.47811424285455373,0.474,0.4710525942861016,2.0
0.05331374555493362,0.067,0.07055867092597123,2.0
0.06432592865678699,0.069,0.08826941274243204,2.0
0.1515276177632633,0.207,0.19912077632201383,2.0
0.06297488105651283,0.093,0.08643436842663924,2.0
0.4846492617251146,0.484,0.4918894303389402,2.0
0.5455158665128071,0.5,0.533208069369796,2.0
0.1270133435579316,0.154,0.1591518624988284,2.0
0.1863459267743237,0.23,0.22289401839454573,2.0
0.44136157222267947,0.468,0.44724811441984924,2.0
0.7451545702176638,0.706,0.7064596488301523,2.0
0.1511055942591989,0.188,0.20993179802179535,2.0
0.8349145884774879,0.757,0.7706258597053693,2.0
0.15677898513016741,0.233,0.21758437242996476,2.0
0.7581133380337244,0.714,0.7135084996135199,2.0
0.20794431384051792,0.247,0.25565236638086963,2.0
0.43900938450329585,0.48,0.4543211398977823,2.0
0.6378620822266797,0.623,0.6236278885661779,2.0
0.5547043790219812,0.527,0.5440060794999715,2.0
0.037609859720210914,0.045,0.046805553695465726,2.0
0.6961774478863318,0.672,0.6563670455754828,2.0
0.29240820255267586,0.339,0.31239461884190367,2.0
0.6291829279513128,0.609,0.5909665382272218,2.0
0.11291989090371635,0.164,0.1620043818112066,2.0
0.2836293174271025,0.35,0.33840113366108115,2.0
0.08663335594719235,0.133,0.1230424924712809,2.0
0.05421116168396867,0.06,0.07538559595104276,2.0
0.14267682730754916,0.184,0.18847006103063413,2.0
0.24683970655466514,0.298,0.29899084919381314,2.0
0.20280078680376,0.25,0.25828692941762127,2.0
0.4045247343834133,0.413,0.4091492058841248,2.0
0.11433561773282497,0.158,0.1538155747145443,2.0
0.8432194035626347,0.781,0.7857261775011942,2.0
0.10092990964949222,0.128,0.1316608344564779,2.0
0.4090231033473841,0.434,0.4327039240384934,2.0
0.0375006510326471,0.05,0.049167643311456406,2.0
0.1270766263155686,0.162,0.1714026561468907,2.0
0.3771038194131734,0.411,0.4003288557967211,2.0
0.31790862893238514,0.353,0.3419678072981155,2.0
0.22631981992733685,0.275,0.27341023584569174,2.0
0.1837497439740542,0.218,0.2259480473642869,2.0
0.2277112522042538,0.282,0.28540323036040677,2.0
0.6786300494828462,0.666,0.6388893407683718,2.0
0.13428867812851775,0.152,0.14389999701159456,2.0
0.4326499850028098,0.427,0.42831781226818905,2.0
0.4098582661583078,0.429,0.4382213459444094,2.0
0.6632909613929956,0.629,0.6345741970355518,2.0
0.3645941065419578,0.395,0.38811568528854756,2.0
0.22782354190915444,0.242,0.24742248330203473,2.0
0.10420365761728323,0.139,0.1428266021428744,2.0
0.28538498527362166,0.278,0.3088942346313656,2.0
0.5564042712229706,0.533,0.5274363483180486,2.0
0.7527468026480001,0.724,0.7284100879273899,2.0
0.06754137908222357,0.104,0.09667939627906157,2.0
0.19668205046891207,0.243,0.25196978146121884,2.0
0.2838326521368143,0.307,0.32674941355007786,2.0
0.09051151277909408,0.116,0.12250415793713586,2.0
0.5297065980237536,0.528,0.5172591674506324,2.0
0.1373158911836453,0.19,0.1839828751812467,2.0
0.16900214265284463,0.23,0.2215728259750252,2.0
0.261274909024364,0.296,0.29161043618440724,2.0
0.2388616729872728,0.267,0.27659182433137974,2.0
0.3965645825052403,0.423,0.41363082880956176,2.0
0.6576471987660502,0.593,0.6156238647092713,2.0
0.7211078766581795,0.676,0.6793005482671977,2.0
0.668997542690791,0.641,0.6381864611848705,2.0
0.11640146583244537,0.14,0.13839520121253174,2.0
0.044115289584033546,0.07,0.06582799742637609,2.0
0.05328984572373119,0.062,0.07238108187782623,2.0
0.8252302740489089,0.807,0.7945563054235083,2.0
0.5799567888376558,0.561,0.5786904371426989,2.0
0.3587788487876761,0.376,0.3858750894316115,2.0
0.13663841821614275,0.143,0.15684749626437622,2.0
0.13264757091373813,0.169,0.18191764213044967,2.0
0.6097407052748947,0.592,0.5982250714581764,2.0
0.11610152693505016,0.148,0.16015100068346844,2.0
0.02463241695434082,0.027,0.03350930227908764,2.0
0.6965408922766319,0.675,0.6752323667590969,2.0
0.05805513007343022,0.076,0.07908787876219371,2.0
0.354989712387199,0.359,0.37297953410204276,2.0
0.18154051019670947,0.225,0.21506446921132633,2.0
0.1343463188769568,0.164,0.1558863470750979,2.0
0.10724831929017642,0.125,0.14349619071179248,2.0
0.6172186650078277,0.611,0.592957492648259,2.0
0.6809175241858065,0.672,0.6531281264827198,2.0
0.2935681257182987,0.326,0.3207010619024888,2.0
0.8057984458736227,0.754,0.7568403083560005,2.0
0.06628896155175179,0.111,0.1027437318198841,2.0
0.5277863134006985,0.521,0.5101137297074233,2.0
0.7965933410449367,0.765,0.7559103855187332,2.0
0.4256904062068587,0.427,0.43908013570840426,2.0
0.36185662192766577,0.383,0.3751941505479488,2.0
0.1506931029911016,0.198,0.20693943205207607,2.0
0.49245860073662384,0.498,0.48751439662203594,2.0
0.299122239675213,0.332,0.33799309172623715,2.0
0.7541953828443189,0.71,0.7018678285880101,2.0
0.8280796316873132,0.737,0.7601604998541566,2.0
0.31582544403128965,0.333,0.3285430084275852,2.0
0.7069082535974835,0.67,0.6786955610886259,2.0
0.17468680675834536,0.216,0.21392592730736212,2.0
0.520974226219347,0.493,0.5199003527903634,2.0
0.27107811054950837,0.33,0.33003375154585296,2.0
0.3146862903667469,0.345,0.34829915746484824,2.0
0.5812535848311482,0.57,0.5719408005930313,2.0
0.3511773002176215,0.375,0.382306922958707,2.0
0.7109386102878066,0.67,0.665211601971787,2.0
0.12919074579361733,0.176,0.16499034235566135,2.0
0.07215381773634333,0.112,0.11032978377996665,2.0
0.09663448130073626,0.138,0.14061185873688817,2.0
0.10521683851853547,0.155,0.15272819570640278,2.0
0.5330951357659911,0.518,0.5152549347161067,2.0
0.3425052091546582,0.385,0.3548617053192684,2.0
0.5264932079504221,0.488,0.5128721838768119,2.0
0.356566097556661,0.341,0.35721379453472385,2.0
0.7058178616820938,0.635,0.6605568201900902,2.0
0.08089210655030366,0.08,0.09424268909787013,2.0
0.05799631459297039,0.082,0.0924741652018782,2.0
0.17867191574656538,0.182,0.18854197543793497,2.0
0.1423192868500115,0.202,0.1764592473085273,2.0
0.1393610346371158,0.152,0.15879177638672834,2.0
0.0611728014704096,0.085,0.09235838104553855,2.0
0.34940607954366343,0.372,0.3731269666940584,2.0
0.07841716511104091,0.082,0.09702328778220543,2.0
0.508856704317847,0.531,0.5147088481236557,2.0
0.3099437562324442,0.325,0.33403878677124843,2.0
0.6827368929363589,0.654,0.6495543045381558,2.0
0.25903406404516327,0.303,0.29520116196199037,2.0
0.08739897302161925,0.11,0.10651428381264962,1.0
0.03851710442406664,0.068,0.05805814219640561,1.0
0.054761048451731464,0.08,0.07824398676478957,2.0
0.4518957563206505,0.467,0.45829329928088225,2.0
0.2657506818401788,0.29,0.29517274434115853,2.0
0.6753010585793608,0.631,0.6432748984235355,2.0
0.24707185145176103,0.273,0.27530777436471127,2.0
0.5201390482785897,0.509,0.5172802391644451,2.0
0.1502179242773657,0.167,0.16574152274123993,2.0
0.5558927815544608,0.557,0.5507353422248363,2.0
0.2197250710766676,0.252,0.26447722741020707,2.0
0.6278270093926075,0.606,0.602074192305805,2.0
0.21245816653324023,0.221,0.23603996752824316,2.0
0.056849123915709954,0.091,0.07507423851893767,2.0
0.6698843066722557,0.63,0.6388616429918834,2.0
0.7482784038127082,0.716,0.7050262779843744,2.0
0.3054559718775004,0.322,0.3301899274032488,2.0
0.7792570142415816,0.733,0.7216726284152696,2.0
0.1848519654563523,0.211,0.21967096266811262,2.0
0.04148166347351545,0.063,0.06291126892970318,2.0
0.06984002225779373,0.095,0.1006897762181812,2.0
0.23125698137038708,0.237,0.2377375155020974,2.0
0.08000096531549417,0.119,0.11662504042542392,2.0
0.3318332688764609,0.343,0.34532765802317067,2.0
0.42402282364400967,0.454,0.43501816536590354,2.0
0.05535641166046623,0.064,0.07000509073525628,2.0
0.32575777533860995,0.361,0.3582695877534756,2.0
0.4881873903981463,0.524,0.5180220179243977,2.0
0.45797482223703057,0.481,0.46395962958111503,2.0
0.2282904094023922,0.276,0.26848611964586705,2.0
0.31324614258280437,0.365,0.3510752636925069,2.0
0.10025092559132376,0.16,0.14334665491520282,2.0
0.7263259879080193,0.672,0.6774940353078509,2.0
0.11919970763857268,0.158,0.16898705067107542,2.0
0.18316528317530145,0.235,0.2221644791937752,2.0
0.5755454343791115,0.557,0.5550266954780115,2.0
0.3672844871268812,0.404,0.3759857736410797,2.0
0.16232554678068478,0.209,0.19553932315211345,2.0
0.7218839645454598,0.681,0.674518984870321,2.0
0.660544576732676,0.64,0.649881389199534,2.0
0.09767414804585495,0.144,0.13793703883404557,2.0
0.10933988566255703,0.152,0.14076706397925323,2.0
0.9103946907748226,0.863,0.8619078402577004,2.0
0.055977641709533676,0.063,0.07890805426682546,2.0
0.872471752394795,0.808,0.819394601702711,2.0
0.12098543499336134,0.151,0.15392300547097107,2.0
0.04527107038191103,0.053,0.059868772667878004,2.0
0.3143438793642934,0.333,0.33400494462602054,2.0
0.4364749470928595,0.463,0.44322989949134933,2.0
0.385508511319434,0.406,0.4042200891399405,2.0
0.46966260277856997,0.48,0.47486568262928186,2.0
0.4968012032625533,0.51,0.5075421645086843,2.0
0.19410927356036656,0.233,0.22827514486701891,2.0
0.6751723181297906,0.665,0.6583782896461786,2.0
0.7934256468351052,0.741,0.7437467094707734,2.0
0.5331287468994754,0.519,0.5290195607624043,2.0
0.09772388959873157,0.149,0.1515004398328469,2.0
0.3521141499134396,0.38,0.3794626835319561,2.0
0.5634692099080867,0.549,0.5427211524960662,2.0
0.460363019685773,0.47,0.47797211528445416,2.0
0.2744482081647093,0.296,0.30982327458375536,2.0
0.7311584090222025,0.696,0.6864227309564495,2.0
0.05835641416652637,0.063,0.07177167142549408,2.0
0.08470206122822743,0.129,0.11564117173768587,2.0
0.457542030871803,0.484,0.4571894629028159,2.0
0.04304567027454698,0.058,0.05855759549095963,2.0
0.37589391052959975,0.425,0.41536400920123706,2.0
0.049212460351582776,0.063,0.07642551239367835,2.0
0.7659676600869704,0.721,0.7300198539816172,2.0
0.1696910583117437,0.186,0.19996801864119354,2.0
0.3708813789327492,0.387,0.3827325123652642,2.0
0.42081957829836214,0.445,0.445494095541093,2.0
0.2567296645015349,0.282,0.28823549593260306,2.0
0.29291225979513735,0.328,0.30899138647896524,2.0
0.05130144361002098,0.081,0.06842560694118968,2.0
0.5706887389665324,0.569,0.5497187207929927,2.0
0.31089005441352047,0.351,0.35194898782020895,2.0
0.04732366815985878,0.071,0.07054371910818949,2.0
0.614007191055421,0.605,0.5915661168518509,2.0
0.4926813543969283,0.509,0.4852744651834274,2.0
0.8768476568161219,0.841,0.8255715755670066,2.0
0.5872225135605202,0.528,0.5714225137231348,2.0
0.7595897948042029,0.726,0.7127198191784664,2.0
0.42242653761476145,0.422,0.43755267407361237,2.0
0.5910425202746006,0.536,0.5598372209365844,2.0
0.5343775098038555,0.545,0.5327474404761506,2.0
0.22028588218406642,0.248,0.2551614917408525,2.0
0.35600037130493556,0.401,0.39089696384889755,2.0
0.4224340773691827,0.407,0.4215858518562444,2.0
0.6515268164945287,0.648,0.6156518712480492,2.0
0.23693014454026307,0.276,0.27729772748592707,2.0
0.2234812580690808,0.26,0.2534877775513769,2.0
0.5453051741907002,0.522,0.5260352872784613,2.0
0.6539836508178852,0.64,0.6403119979367279,2.0
0.24500100920470091,0.289,0.29543940871823826,2.0
0.7922578562140857,0.765,0.7576922921561613,2.0
0.2882398519869479,0.292,0.308694156173921,2.0
0.12481743558172076,0.149,0.13920294169921577,2.0
0.22093530096130332,0.252,0.2559732246928958,2.0
0.0926153218405209,0.117,0.11400643647943748,2.0
0.5193446278082072,0.483,0.5042671874496087,2.0
0.16685232362014235,0.2,0.20377760079045298,2.0
0.29980541626449786,0.329,0.3426153538324578,2.0
0.1307745266905811,0.165,0.16498235051958382,2.0
0.8961227839306433,0.854,0.8586967353350914,2.0
0.7949675774643251,0.753,0.7464967654166893,2.0
0.6289125847803281,0.59,0.6112348912818775,2.0
0.772450969889424,0.704,0.7164370917018226,2.0
0.10334831213383167,0.149,0.1462630885286973,2.0
0.5899283578825039,0.589,0.5692706917604023,2.0
0.25586488533982155,0.293,0.3025182123718047,2.0
0.7811545488117817,0.758,0.7567429708953727,2.0
0.5845735831235406,0.558,0.5679971368818019,2.0
0.5612780356335257,0.54,0.54712119402507,2.0
0.10628547554303647,0.144,0.14392985995131397,2.0
0.614561689593635,0.593,0.5879807747715854,2.0
0.6429638544873448,0.615,0.6360618463899816,2.0
0.6039987734315301,0.595,0.5885474214361957,2.0
0.4665261557024485,0.465,0.4506808476008785,2.0
0.6120577083338636,0.609,0.5998555379689953,2.0
0.06847180345351722,0.111,0.09626435268393872,2.0
0.6209237642035617,0.568,0.5846455600510165,2.0
0.1674543985568826,0.214,0.20838424392753366,2.0
0.40569077324642744,0.409,0.40744840466265686,2.0
0.7325787405885084,0.707,0.699735751842592,2.0
0.07628560717423116,0.112,0.1123889484856824,2.0
0.4188851916503401,0.427,0.4153322461151847,2.0
0.7562133814526448,0.694,0.7006500890638317,2.0
0.08384211113486739,0.112,0.10876101817539711,2.0
0.3596293068346095,0.371,0.36922658276841724,2.0
0.592371244058455,0.587,0.5794126164713226,2.0
0.1372492731994106,0.195,0.1958434442633671,2.0
0.03798951381961557,0.059,0.05477321766195314,2.0
0.3440388943911815,0.387,0.3616515847000618,2.0
0.6429198729890467,0.577,0.6153527110631525,2.0
0.4614841782471357,0.487,0.46553627783139684,2.0
0.27257636759313364,0.276,0.2827894110695051,2.0
0.2473019572794004,0.338,0.31799640240039095,2.0
0.22566640252654369,0.235,0.24087864204620923,2.0
0.5449658525199712,0.523,0.5297999641319636,2.0
0.07229673486033061,0.125,0.12059122647852592,2.0
0.7322499920940236,0.708,0.7081954628577669,2.0
0.08789647109704013,0.117,0.11610365868822861,2.0
0.5814663521591001,0.553,0.5622621937958119,2.0
0.5764622628940304,0.537,0.5417852586531662,2.0
0.5320861819302878,0.531,0.5198035006320794,2.0
0.8177137890600682,0.779,0.7722490580000378,2.0
0.09561191990831497,0.119,0.12923213293504396,2.0
0.2773136774481578,0.334,0.32847456982051976,2.0
0.23106084199363808,0.259,0.26775570531858645,2.0
0.03958082994977963,0.059,0.061520770236092384,2.0
0.14889643934833274,0.195,0.188046373495543,2.0
0.267699734512561,0.325,0.3120256991801855,2.0
0.6028501474496897,0.606,0.5818797879795038,2.0
0.23246945476965564,0.281,0.2685405824179763,2.0
0.764175499459292,0.721,0.7185505121748464,2.0
0.6728162774455537,0.67,0.6411424142045122,2.0
0.11009853081249976,0.115,0.12122647685736192,2.0
0.055820985851018246,0.085,0.08171713502363395,2.0
0.17255231682835492,0.214,0.20805111277594435,2.0
0.8041511998642143,0.761,0.7568526244384729,2.0
0.4894224455703453,0.501,0.49580550315607425,2.0
0.2877589312700871,0.306,0.31564849406369827,2.0
0.09431009229358589,0.147,0.13358872717546946,2.0
0.1993423842590154,0.202,0.2186430690587039,2.0
0.09425196542565228,0.14,0.13719802696985958,2.0
0.3034693523652249,0.333,0.3403810141056565,2.0
0.4495738438206861,0.461,0.4565583739306737,2.0
0.19735464802597336,0.22,0.2171320175205553,2.0
0.21837736685157205,0.271,0.2609178890471057,2.0
0.44629008868052766,0.446,0.45269640949149353,2.0
0.1078009488230165,0.134,0.14420117056195653,2.0
0.5204373587058708,0.521,0.5215715052028356,2.0
0.5923571950002076,0.568,0.5708308713157426,2.0
0.06679072938451291,0.101,0.09939884544714879,2.0
0.3567549466687535,0.378,0.3629957110316541,2.0
0.1261267913962294,0.15,0.14872191957960743,2.0
0.21204161266085852,0.258,0.25248717525463615,2.0
0.7893016002056552,0.752,0.7436234754580605,2.0
0.7092228373955529,0.66,0.6617621672300131,2.0
0.3237814359959341,0.341,0.343016479963936,2.0
0.846027385821728,0.794,0.7882668985074623,2.0
0.6097403983391914,0.602,0.583719095150445,2.0
0.47296901685506776,0.464,0.4865871245410093,2.0
0.06182432442379682,0.088,0.09070571888354831,2.0
0.4900108135456802,0.503,0.49986113710286173,2.0
0.3263984919357862,0.365,0.34691636457414665,2.0
0.6002732580379362,0.582,0.5777935675736928,2.0
0.6356503427312281,0.624,0.6146090088515542,2.0
0.4431344971385879,0.439,0.45304625141346516,2.0
0.8031587018057046,0.726,0.747150464487251,2.0
0.7716877422639833,0.725,0.7373599908561399,2.0
0.47354367602709646,0.465,0.475008282522458,2.0
0.05069692255131797,0.069,0.07541096901453166,2.0
0.2146343847683322,0.268,0.2812492327327722,2.0
0.6695136796688814,0.65,0.6338515146027323,2.0
0.5389231728571653,0.524,0.5329089243322055,2.0
0.7955652688855588,0.749,0.7477457524565794,2.0
0.15179464218258343,0.198,0.18442381181692016,2.0
0.2869814112273513,0.354,0.33953430205568147,2.0
0.6929993685700808,0.653,0.6530232621403369,2.0
0.09403204294915635,0.119,0.12255808882735311,2.0
0.20062035852379734,0.244,0.23685737831800055,2.0
0.42175316173649224,0.428,0.4202622476385105,2.0
0.4774934563251195,0.496,0.4830957096360791,2.0
0.34664781123927624,0.388,0.38789051311529865,2.0
0.48294374404757345,0.46,0.48174690939008713,2.0
0.16040455816371024,0.195,0.2066300149356276,2.0
0.1983671544554909,0.196,0.2298807618824414,2.0
0.6102785176625324,0.591,0.5948221730767602,2.0
0.5716126288435961,0.583,0.5601574682162734,2.0
0.7258796905451365,0.692,0.6983811069072825,2.0
0.8278968574495168,0.782,0.7815545416087419,2.0
0.1478936681248384,0.17,0.16916992585833734,2.0
0.20215324755544384,0.249,0.2564447374076011,2.0
0.05704780513581531,0.085,0.08107302166632659,2.0
0.05688961748555732,0.073,0.08269584813891903,2.0
0.15038580525524103,0.208,0.19589061566502838,2.0
0.7480786782527963,0.714,0.701880297176732,2.0
0.18299930536997888,0.253,0.23050417790095423,2.0
0.20559640272769864,0.215,0.2253293301144145,2.0
0.5095121497592139,0.506,0.5199347824783302,2.0
0.21297453479779838,0.214,0.23825592323217112,2.0
0.1586489590772152,0.209,0.21647088693673533,2.0
0.0607871644904584,0.065,0.07131601670678572,2.0
0.6087809000615745,0.556,0.5848386582060392,2.0
0.044021159233183615,0.074,0.07166205789734467,2.0
0.18224111374750174,0.221,0.23413263511989463,2.0
0.10674574775391199,0.127,0.14237400057168093,2.0
0.3242713804883116,0.344,0.33982179735568235,2.0
0.43165469087381003,0.472,0.4554881427635682,2.0
0.6001306219539426,0.583,0.5742955937999301,2.0
0.6270790004534625,0.629,0.5840117548595833,2.0
0.31612281998697866,0.365,0.3532819981783133,2.0
0.21712485371108536,0.254,0.2513746523990044,2.0
0.051314684626024065,0.092,0.07303869214774233,2.0
0.2793040036628224,0.301,0.30746381013361757,2.0
0.05163122259706432,0.063,0.0801180002668617,2.0
0.44582812461902876,0.464,0.4579579222559784,2.0
0.28062828896296843,0.282,0.29491808504898576,2.0
0.8518712945572761,0.832,0.8127962891055993,2.0
0.19322495613112622,0.26,0.2338398562178271,2.0
0.4142279779740986,0.447,0.42595990208331486,2.0
0.8194253645672634,0.777,0.7640209399520501,2.0
0.8418171156592023,0.808,0.8024996737282537,2.0
0.033811058357779644,0.034,0.04045083411546796,2.0
0.47143902724246034,0.449,0.46390967878537553,2.0
0.3880588377254046,0.397,0.40417424154443915,2.0
0.3734362959874721,0.401,0.4018779123016715,2.0
0.7586044176826587,0.744,0.7439191460601424,2.0
0.3513481772742161,0.382,0.3810995696485547,2.0
0.7455524376628447,0.693,0.6898177055820139,2.0
0.3028951548200137,0.348,0.33534799114357,2.0
0.2153622759442021,0.261,0.2686555651325384,2.0
0.5961581462870518,0.586,0.5864250766943452,2.0
0.36275354045665664,0.397,0.406649365771796,2.0
0.8524228048654129,0.814,0.7938829273569883,2.0
0.7411197890644377,0.7,0.7070672968386338,2.0
0.09570593325494958,0.104,0.11086592117749958,2.0
0.5120601256370086,0.487,0.5092751997506725,2.0
0.7742897190226987,0.731,0.7245668506993741,2.0
0.7098740954643644,0.654,0.6701995499824202,2.0
0.5397288158171721,0.545,0.5336237183207265,2.0
0.2230612162463924,0.238,0.24951625292388208,2.0
0.5771349973088886,0.58,0.5661063436659544,2.0
0.3246683405997366,0.4,0.3830465281841795,2.0
0.5499158740176286,0.57,0.559437189728446,2.0
0.08648690850516283,0.131,0.13397263423645472,2.0
0.7289694609081019,0.693,0.6873921247217071,2.0
0.7465380868851776,0.713,0.7124892644052463,2.0
0.12400074691546392,0.16,0.17302826991995357,2.0
0.5356800862923654,0.539,0.5272720299869286,2.0
0.09266090017873019,0.119,0.13086362574737895,2.0
0.6981869920272159,0.692,0.6647268190056849,2.0
0.5152435989660109,0.506,0.5107519109525224,2.0
0.22311231773711504,0.248,0.24417930850721709,2.0
0.20057723083040757,0.256,0.24688610588624774,2.0
0.6433944670000179,0.614,0.6089450986059823,2.0
0.6170479554436024,0.6,0.596285980463766,2.0
0.40911497315740486,0.449,0.43420160064290547,2.0
0.5763037717360169,0.557,0.5588435612899306,2.0
0.07533761265148531,0.1,0.08833895090161457,2.0
0.2105657854384928,0.217,0.24082390669489057,2.0
0.6635052958323655,0.625,0.6238038165018908,2.0
0.5043788661080093,0.505,0.5144775833556458,2.0
0.5149570685388782,0.495,0.507620943802087,2.0
0.48034816724214535,0.49,0.4781507273245277,2.0
0.36671393462902224,0.392,0.3951407740056467,2.0
0.23256280560624665,0.258,0.25117302575714,2.0
0.35678183381200834,0.349,0.3588145764858986,2.0
0.3700977627932923,0.395,0.4031240498855606,2.0
0.7370827469787206,0.682,0.6861532350097189,2.0
0.6720172349933662,0.646,0.6253970029287335,2.0
0.21137447205976534,0.26,0.25057453338421415,2.0
0.7967526126750474,0.718,0.7410520583960511,2.0
0.4781226738454172,0.455,0.4754183257058858,2.0
0.11680065429432607,0.159,0.14195351815643031,2.0
0.4862222704113828,0.482,0.48469858909665353,2.0
0.6203620553353981,0.59,0.605962136819858,2.0
0.05035704258197249,0.064,0.06506421363074998,2.0
0.6261068170765054,0.588,0.5769110685683622,2.0
0.5062187701673955,0.502,0.515786140359365,2.0
0.3556712433820496,0.367,0.3875243405109191,2.0
0.15494190626859483,0.184,0.18483212109440067,2.0
0.6910181247196956,0.666,0.6591501925371813,2.0
0.5956023156638934,0.562,0.5820973239786946,2.0
0.0991561315183822,0.149,0.15076553461747497,2.0
0.37033097505338386,0.396,0.3980023662680342,2.0
0.08480152450497469,0.11,0.1143441696767914,2.0
0.26498768694127184,0.279,0.29187681723292513,2.0
0.09828139738612196,0.145,0.1546163545603597,2.0
0.421339130203338,0.416,0.4135180201165649,2.0
0.7612864158366466,0.704,0.702184304975307,2.0
0.19671205281342308,0.232,0.24192435827067219,2.0
0.6761452041339047,0.643,0.639627183432188,2.0
0.20656979794302932,0.263,0.2643943187226583,2.0
0.07182201255660503,0.106,0.10456738346782773,2.0
0.12813688597174788,0.158,0.16851423766205265,2.0
0.23867063287335577,0.279,0.2865683691988906,2.0
0.7395822451457319,0.679,0.6842045820485239,2.0
0.5934308883009536,0.608,0.574916007522912,2.0
0.5280992391296163,0.504,0.5100370785352928,2.0
0.5592424383798218,0.561,0.5387171737588275,2.0
0.11229367927901823,0.135,0.14533136043414271,2.0
0.13438171005654542,0.177,0.18577073040482434,2.0
0.31980155051803605,0.349,0.362308077422283,2.0
0.05550258186655321,0.063,0.0713175648131536,2.0
0.12519647520809563,0.164,0.1616384227628276,2.0
0.31778923515726365,0.306,0.320712825915311,2.0
0.136820957674886,0.171,0.17610348232450931,2.0
0.438335409445595,0.436,0.4327196930867316,2.0
0.08037428943523761,0.101,0.09687791864169788,2.0
0.4418155978524909,0.471,0.4521016300281777,2.0
0.6530044379472293,0.645,0.6318414465239856,2.0
0.7329949073284354,0.725,0.7110915748200366,2.0
0.12632498780373547,0.144,0.14188451597109275,2.0
0.21679878609282677,0.275,0.26026593292462824,2.0
0.815257467919243,0.771,0.7737168031887127,2.0
0.09411929420676268,0.118,0.13251689626214638,2.0
0.7400524568444198,0.718,0.7111693607036664,2.0
0.7307806271901472,0.708,0.7090849594169721,2.0
0.07521283537975565,0.113,0.11187037142005919,2.0
0.6242685338292799,0.593,0.6025231893618067,2.0
0.13530819848573472,0.193,0.18175484202093992,2.0
0.03587561659571803,0.053,0.047848831188334016,2.0
0.4339368696507785,0.428,0.4408804608877683,2.0
0.4520321909242776,0.434,0.44967949511666083,2.0
0.31995214492737944,0.363,0.3666225613627967,2.0
0.4032599500284594,0.42,0.4112424735998952,2.0
0.35577542528663386,0.383,0.37939665982465953,2.0
0.5647161494752249,0.544,0.5545290418760338,2.0
0.4436134058872051,0.423,0.43536236616197277,2.0
0.6261465055169878,0.607,0.6048212711496423,2.0
0.3674143937888481,0.397,0.3745964468011404,2.0
0.22068623874131177,0.254,0.27580337506794067,2.0
0.3482412172084628,0.379,0.3831132433200879,2.0
0.7708879881950463,0.732,0.7334739367474955,2.0
0.08757056470195779,0.12,0.12254641075679014,2.0
0.34360998954801214,0.376,0.37368335073336195,2.0
0.2916029382245139,0.317,0.335224736472793,2.0
0.12068155553650883,0.176,0.16457795315626014,2.0
0.11716346950282552,0.157,0.15694719478708324,2.0
0.05255789689955492,0.058,0.07672792921170624,2.0
0.11017805160188732,0.146,0.14541797894316338,2.0
0.42824801389869693,0.414,0.43086913264012483,2.0
0.696866051715475,0.651,0.659040145178803,2.0
0.49389348815214085,0.521,0.5115320477146342,2.0
0.5972702864073381,0.575,0.5625616830702886,2.0
0.7680452704260237,0.714,0.7170482662847975,2.0
0.1202104583972684,0.148,0.1580860368697018,2.0
0.39266423884648616,0.395,0.4041129253975785,2.0
0.6928057275101345,0.661,0.6457081556829366,2.0
0.5609705891142829,0.576,0.5572864601899681,2.0
0.11456816062980646,0.138,0.14770316905416622,2.0
0.8365425947568749,0.805,0.8039497766096384,2.0
0.4054351884775873,0.436,0.41441461309875716,2.0
0.6753474494700538,0.622,0.6366258162025676,2.0
0.5210659859225779,0.497,0.5111339873818245,2.0
0.6502933978210075,0.635,0.6222647871084045,2.0
0.516454135443404,0.5,0.5161557141546129,2.0
0.41561310493410386,0.401,0.4349545418516509,2.0
0.3183746454624533,0.351,0.348948210310041,2.0
0.185961697470843,0.239,0.2385525383637689,2.0
0.05782976565019071,0.075,0.07555756935584385,2.0
0.14583068527849896,0.179,0.1887530841215522,2.0
0.4026303286242813,0.433,0.4382777470992265,2.0
0.18828771915433118,0.237,0.2463983122320773,2.0
0.15844165346691863,0.196,0.18979452806583672,2.0
0.114043147394708,0.145,0.14101713548404074,2.0
0.041215757747150805,0.058,0.06384414304080874,2.0
0.28431487760362384,0.3,0.31809944323128475,2.0
0.4334813517050842,0.4,0.4348060089842423,2.0
0.47318162415652976,0.456,0.4694573608884875,2.0
0.1571368099515421,0.183,0.1942219298564594,2.0
0.2257884502137818,0.268,0.27394152005259453,2.0
0.17125442758349219,0.177,0.19839065051195115,2.0
0.5419901119576432,0.532,0.522781309508662,2.0
0.10218836348042248,0.143,0.1418540589569575,2.0
0.30605326210081585,0.319,0.32676331944558495,2.0
0.09317615711872962,0.112,0.11263083404457537,2.0
0.12898122259166678,0.161,0.16824965812842496,2.0
0.09212642291178608,0.124,0.11422167866356031,2.0
0.6531894606350122,0.657,0.6374549949690238,2.0
0.5995552209874504,0.563,0.5725666034334448,2.0
0.2729892851584792,0.305,0.300432047512903,2.0
0.2550013433672129,0.281,0.29208104720393024,2.0
0.27284701351279994,0.279,0.2977112901406158,2.0
0.5256831030054825,0.498,0.5229575982596691,2.0
0.6489869433987898,0.597,0.6152751370962007,2.0
0.16539707359942057,0.212,0.20238919509045913,2.0
0.8491549032452208,0.809,0.8044069302056794,2.0
0.6092368651940497,0.596,0.5959419519814052,2.0
0.153448161098109,0.192,0.20602518277590656,2.0
0.5506185001905703,0.519,0.5308285656264957,2.0
0.44047517604414155,0.42,0.43392705085500927,2.0
0.10601702143793323,0.15,0.14042281024378034,2.0
0.042293898754850456,0.059,0.06846849219058791,2.0
0.2323825533872491,0.251,0.2436256840011197,2.0
0.49380841661665964,0.495,0.4914613708605843,2.0
0.18337474954413047,0.203,0.2036598958814432,2.0
0.25225756569406255,0.267,0.2542661292716149,2.0
0.04347932662958154,0.06,0.06511946728509602,2.0
0.824432151340987,0.791,0.7997733745121459,2.0
0.2175647199702505,0.267,0.2622292027699105,2.0
0.10252697422741919,0.133,0.1335037583598727,2.0
0.5356181064366327,0.52,0.5356751233086319,2.0
0.16439724137925782,0.227,0.22822366297680338,2.0
0.20812364894245983,0.234,0.23926176524663983,2.0
0.7032969432075133,0.662,0.6540616095760038,2.0
0.5732865712397477,0.547,0.5411474210962917,2.0
0.5076195198249953,0.508,0.497770023605175,2.0
0.5439914092510654,0.575,0.5431684707326799,2.0
0.7752567869593971,0.744,0.7516347311706323,2.0
0.18679197480238252,0.219,0.23655948951717082,2.0
0.1292327237655615,0.176,0.1717167007555458,2.0
0.415715115936103,0.426,0.42528379128768135,2.0
0.08745371168119143,0.117,0.12248400337546336,2.0
0.056999549557245954,0.09,0.07279983384614164,2.0
0.25725715054717624,0.286,0.2935140969318022,2.0
0.6513858647064376,0.636,0.6330724100994487,2.0
0.2528141730897425,0.295,0.2915178235353431,2.0
0.068682698607755,0.106,0.09982181959531183,2.0
0.48841263762024634,0.496,0.4759832787352844,2.0
0.27901051446837966,0.296,0.31719033221401194,2.0
0.24173828341674897,0.26,0.2738527951774202,2.0
0.37406315312339644,0.402,0.3936695281664859,2.0
0.1845497313505733,0.234,0.22597321273258328,2.0
0.5610296044341756,0.516,0.5213205835216166,2.0
0.542746555094851,0.509,0.5385747081502548,2.0
0.5427901764636969,0.51,0.5251738505146653,2.0
0.49908711115200477,0.53,0.5129512046387381,2.0
0.32951917461439895,0.386,0.37076568744680033,2.0
0.8440238541433296,0.787,0.7886641731248365,2.0
0.28029977996884636,0.291,0.29671560227401095,2.0
0.44846966834042,0.468,0.46450935736313487,2.0
0.04228131534099955,0.072,0.0667483524138765,2.0
0.4696431154903229,0.458,0.45278939156344217,2.0
0.21595006788496496,0.24,0.24867903564872648,2.0
0.06852013237006027,0.097,0.08886088968848048,2.0
0.19360063073991451,0.249,0.24006883227209636,2.0
0.1716619538208659,0.224,0.22484039918662818,2.0
0.2639468753472557,0.312,0.31621859390343005,2.0
0.7151629033444424,0.696,0.6939163006983721,2.0
0.22218124475024148,0.276,0.2683342260568059,2.0
0.4366650220283107,0.436,0.44468469339960337,2.0
0.4369901244487582,0.463,0.45009530347129745,2.0
0.3300377497255754,0.362,0.3615617745042989,2.0
0.22122510199538825,0.279,0.2768593108993006,2.0
0.8639495360398877,0.822,0.8237374851605792,2.0
0.24892947639007623,0.291,0.29019821238434995,2.0
0.31394632190011995,0.36,0.36504342360592645,2.0
0.04060608410659916,0.043,0.04899106421138918,2.0
0.32877089542958093,0.356,0.3674394995001245,2.0
0.14658216275372493,0.202,0.19481066248164097,2.0
0.05391621539186675,0.073,0.06961844253823178,2.0
0.6290961318699918,0.621,0.6035685627519197,2.0
0.8282741975943145,0.788,0.779027427352034,2.0
0.29769201707557547,0.321,0.31544359183608395,2.0
0.6838865833864912,0.656,0.6636767914364128,2.0
0.2903532509401293,0.307,0.31518496393315254,2.0
0.7257429202892816,0.679,0.6818929745847357,2.0
0.051297789203535005,0.056,0.0687132628856421,2.0
0.15522574792096855,0.228,0.20413440280538736,2.0
0.6018514993265576,0.588,0.5777402364260426,2.0
0.21732815622283708,0.273,0.2650954498123568,2.0
0.2813774455340383,0.333,0.3209326209816081,2.0
0.7012342476486404,0.673,0.6675391413039661,2.0
0.8261818525249902,0.778,0.7732664106697303,2.0
0.23705333565081976,0.255,0.2606909386727211,2.0
0.12247923821539197,0.161,0.145248228537568,2.0
0.3459517412196892,0.354,0.34736752367112694,2.0
0.2800693042371032,0.331,0.31603385216611135,2.0
0.5591815296152862,0.559,0.5454653093039173,2.0
0.22094919182598172,0.268,0.25996467601051254,2.0
0.35137574461397947,0.347,0.361972763182249,2.0
0.5401552670722332,0.587,0.557278301736138,2.0
0.270813210622023,0.265,0.2945009907241073,2.0
0.21158689689916144,0.249,0.2538156292105505,2.0
0.43241444486583214,0.437,0.42661686097469576,2.0
0.6347441658975914,0.572,0.5927099955155475,2.0
0.33836804363682504,0.372,0.36173438935791613,2.0
0.2082869672983394,0.247,0.2454577829831419,2.0
0.2743973552180895,0.289,0.30375801996095275,2.0
0.05996902960255723,0.075,0.08771388891310845,2.0
0.7975597662753244,0.732,0.7303627940687286,2.0
0.4986096748673343,0.506,0.4787523192735869,2.0
0.49994618064756113,0.482,0.48330502231810474,2.0
0.5339185220275484,0.543,0.52221123290079,2.0
0.11724743613218214,0.124,0.14958426369931452,2.0
0.5147057233264845,0.504,0.5165235815297637,2.0
0.7521542482508652,0.723,0.7123085278923666,2.0
0.5583742919371059,0.557,0.535577095471991,2.0
0.6876143236908625,0.655,0.6405284340737968,2.0
0.46530422708552943,0.489,0.4677808743782555,2.0
0.8142390950737407,0.789,0.7775973906484842,2.0
0.30094504251499077,0.304,0.3158551444583433,2.0
0.39367884601333947,0.435,0.4245633851508094,2.0
0.4790659360661391,0.502,0.4811352280115739,2.0
0.7209457731693385,0.686,0.6874963343379843,2.0
0.4925886164609702,0.477,0.48645916885317964,2.0
0.047428679828305786,0.067,0.06412923719978512,2.0
0.23752397419981874,0.291,0.2798400536345944,2.0
0.5754973136129853,0.552,0.5542657749774764,2.0
0.5592060199753108,0.553,0.5575767731821162,2.0
0.22412206370327492,0.245,0.2691248134724146,2.0
0.20735497864029628,0.251,0.24600646509179827,2.0
0.07657444202696073,0.1,0.11706287645721387,2.0
0.35383861154875373,0.37,0.3555032767555474,2.0
0.03600411001603132,0.051,0.0482706812081182,2.0
0.1821096263176485,0.22,0.22602267634569273,2.0
0.07454043571953195,0.111,0.10260028152305728,2.0
0.0777404541882386,0.09,0.09207072791356974,2.0
0.8360724116625923,0.798,0.7825027844140324,2.0
0.08290530621121239,0.13,0.11959934245262493,2.0
0.19770960884479105,0.239,0.23865197773478128,2.0
0.5382224036113513,0.551,0.5226232533404868,2.0
0.18103380515820844,0.233,0.21802397830154444,2.0
0.6060880236310365,0.585,0.5783823706005232,2.0
0.668311284852201,0.607,0.6264220623789444,2.0
0.5161354088266401,0.501,0.4977325441928753,2.0
0.40173111177032617,0.4,0.4169021102649698,2.0
0.44375536265812743,0.463,0.4410603888187529,2.0
0.038914922941179264,0.058,0.057723350399373825,2.0
0.42493361213964387,0.421,0.416066575974527,2.0
0.441216192571513,0.444,0.4486134471034434,2.0
0.5973516399936467,0.623,0.6024005823940869,2.0
0.47513378005107154,0.491,0.4808007582250009,2.0
0.7097138878200862,0.677,0.6729191094361702,2.0
0.3606895544527817,0.378,0.36238566142725126,2.0
0.1265421290998996,0.187,0.1849898302281096,2.0
0.05962609348824155,0.113,0.10107638442489865,2.0
0.18568476202302775,0.215,0.22433238599639274,2.0
0.04522546621537715,0.076,0.07370320073547214,2.0
0.08467893211214261,0.127,0.11724393027486256,2.0
0.2343055153678506,0.261,0.2871522805926196,2.0
0.3904219930675865,0.416,0.4073659447664743,2.0
0.385569988845367,0.413,0.39581902031336297,2.0
0.5417527796115973,0.544,0.5292745032320271,2.0
0.05419270393100084,0.062,0.07544046617872292,2.0
0.06608029209920363,0.092,0.09044669198869898,2.0
0.7624445278801697,0.716,0.7267221067249457,2.0
0.5020530447765578,0.482,0.49416213708790846,2.0
0.13119491522121207,0.183,0.17963525973672553,2.0
0.3225463314316819,0.376,0.3535509061267216,2.0
0.22898688997016958,0.269,0.2594836476861817,2.0
0.12747014373871324,0.187,0.1768757023610684,2.0
0.06600464293461494,0.1,0.09166285924610754,2.0
0.2804751349731933,0.338,0.3293676241957225,2.0
0.08329370336175757,0.102,0.10323364089629526,2.0
0.5989387204384833,0.59,0.5796911102501613,2.0
0.46761194823742047,0.469,0.46055578631074695,2.0
0.06248985622052261,0.105,0.09744265210511957,2.0
0.21678938695555605,0.276,0.2560314744435128,2.0
0.4369339443327782,0.455,0.4638333639854679,2.0
0.8555610177053432,0.808,0.8165729459562951,2.0
0.08655427754696954,0.118,0.1190647540486608,2.0
0.10898382140616769,0.173,0.16868237987812043,2.0
0.07157181284133263,0.104,0.1011406184909478,2.0
0.4106709262610925,0.443,0.4313534287487476,2.0
0.3341816651888805,0.356,0.35408350172892367,2.0
0.39483018944251236,0.403,0.4144345006629856,2.0
0.08545026534815936,0.128,0.12539638303396297,2.0
0.8076801191559999,0.776,0.784560142224075,2.0
0.12787103468988226,0.197,0.1863053795999383,2.0
0.5857996293579165,0.574,0.558153137775078,2.0
0.29856793459669495,0.333,0.33726735911590133,2.0
0.031046820231246164,0.049,0.038968288650519184,2.0
0.6422972292472546,0.615,0.6091163970104261,2.0
0.48077106726666663,0.479,0.47986860596906644,2.0
0.6184805985704941,0.55,0.5717514571557382,2.0
0.876540060096138,0.834,0.833318005881531,2.0
0.2352058176807581,0.282,0.26670488711689033,2.0
0.1480563434322315,0.198,0.2028871701269201,2.0
0.39586468110111717,0.422,0.40793061256702157,2.0
0.5497159052600977,0.54,0.5398615399342477,2.0
0.5923453807058241,0.596,0.5752205626319123,2.0
0.1009574122178899,0.146,0.15154884836809393,2.0
0.23353001950524177,0.286,0.27806034785650924,2.0
0.7033618525052597,0.664,0.6751828791264283,2.0
0.38974014287322645,0.434,0.4247286502200297,2.0
0.48093952580852395,0.497,0.49631671576340747,2.0
0.12539987610573755,0.148,0.15145947177521873,2.0
0.721687067842921,0.668,0.6766099497174254,2.0
0.199267758588486,0.259,0.24327389279612036,2.0
0.3421826984525205,0.371,0.3634831251564576,2.0
0.3511631353971266,0.403,0.38669446109213296,2.0
0.08683368606533903,0.13,0.12562898905865208,2.0
0.664831290979102,0.635,0.627135939128439,2.0
0.8095406657004666,0.756,0.7623947411002713,2.0
0.44463332758749063,0.439,0.43460278235273747,2.0
0.18300157908168324,0.235,0.23613449147259385,2.0
0.0871394315111963,0.102,0.10570803141840693,2.0
0.5745673143455126,0.554,0.5481902473286153,2.0
0.11276200774389722,0.159,0.16330348930613742,2.0
0.10702514266743957,0.151,0.14797845016402283,2.0
0.197224968714648,0.257,0.25315796343353797,2.0
0.07568507792767765,0.109,0.10966076229281017,2.0
0.2347525191419073,0.288,0.2847840603913362,2.0
0.47943606571722674,0.455,0.46649896795259593,2.0
0.12238459355039877,0.165,0.16348981125339687,2.0
0.07525277938615116,0.122,0.11104515676101363,2.0
0.7057600885629675,0.676,0.66782392310386,2.0
0.17296927212860458,0.218,0.23450203718310478,2.0
0.46101238080169726,0.456,0.4735104489700973,2.0
0.21748211103087867,0.266,0.2735449248119366,2.0
0.49226969565640777,0.5,0.5034539791954142,2.0
0.05864906175089779,0.095,0.09189612808368829,2.0
0.8439076102623577,0.796,0.7879152820983526,2.0
0.5737950306310127,0.567,0.5604131064143864,2.0
0.1912368215014315,0.231,0.22157583670676023,2.0
0.5931930892827211,0.589,0.5772270706134398,2.0
0.0601710656063843,0.066,0.07405741403539258,2.0
0.4857476228251809,0.459,0.47854100755729956,2.0
0.5633949288665958,0.573,0.5644734682123282,2.0
0.4699606681525521,0.463,0.4610370279773191,2.0
0.026558962459002577,0.039,0.0328093996256854,2.0
0.14512166575437557,0.172,0.17504332740717382,2.0
0.6338403005119344,0.595,0.6009335511700153,2.0
0.20938779133587992,0.259,0.24738918422838113,2.0
0.061146088008965815,0.096,0.0897791154926817,2.0
0.14368911288547748,0.158,0.1621873818141425,2.0
0.4911978304327671,0.51,0.49583524785112915,2.0
0.4948789404042665,0.501,0.4953900953926686,2.0
0.10011938463979264,0.138,0.12012826687777906,2.0
0.194641977794474,0.271,0.2608917819074037,2.0
0.4066754911852768,0.41,0.41826914101779805,2.0
0.1782501263218511,0.192,0.1933445041729311,2.0
0.4964597823228917,0.488,0.49311220791668364,2.0
0.7283855097424816,0.692,0.7015225979945127,2.0
0.05560151756340459,0.07,0.07681047735928372,2.0
0.413555513152138,0.427,0.4107307804025758,2.0
0.3548803686018086,0.376,0.38381493146325846,2.0
0.6618219681112856,0.63,0.6301238170966414,2.0
0.19747556557384172,0.199,0.213853152878963,2.0
0.7421030706191938,0.716,0.6999565570528186,2.0
0.11730260329730069,0.171,0.15292027604999364,2.0
0.2713868548472378,0.321,0.3132563498881704,2.0
0.5306767178081304,0.531,0.5323870344998228,2.0
0.4033621417883839,0.401,0.4132001036868249,2.0
0.1668961305383524,0.212,0.2084928842817739,2.0
0.38590252384296697,0.377,0.38478779716434225,2.0
0.03697504804267526,0.039,0.04751853045709935,2.0
0.34191764759498,0.359,0.3918663230424718,2.0
0.15119057925847312,0.206,0.19213742871115744,2.0
0.5376596190677398,0.513,0.5317575611075152,2.0
0.09035435664759617,0.114,0.115752426510725,2.0
0.5153880966791581,0.506,0.493983232544859,2.0
0.5516272024534488,0.511,0.5378832827981022,2.0
0.3397030011326715,0.392,0.3797224229803209,2.0
0.7403337300149677,0.7,0.7124199543093337,2.0
0.07019224783860745,0.098,0.10473456804245228,2.0
0.7210276906372968,0.689,0.6807458443640177,2.0
0.5520158625922393,0.553,0.5545939840861388,2.0
0.6097320560718353,0.581,0.598376052584406,2.0
0.2623654996861644,0.304,0.28342857088533285,2.0
0.07718797558017565,0.098,0.1043960016980876,2.0
0.15985384715212592,0.215,0.21608044851577363,2.0
0.03352420408091994,0.055,0.046527336532936184,2.0
0.6777088905651513,0.657,0.6523473529179118,2.0
0.06618824540167945,0.094,0.0992912185048973,2.0
0.7247587483300724,0.712,0.7005153391647859,2.0
0.8079470901188766,0.751,0.7637513318295093,2.0
0.09063168980552538,0.136,0.1364547762392336,2.0
0.06677585625926996,0.107,0.09886222255579272,2.0
0.47494717238294204,0.437,0.450186483432978,2.0
0.2246268785403347,0.292,0.2820580997333183,2.0
0.8728035072012781,0.856,0.8295093213888116,2.0
0.6986065424671926,0.657,0.6765251536292126,2.0
0.1819639328604239,0.257,0.23264763992248016,2.0
0.6030441429548314,0.583,0.5946225123390676,2.0
0.05202758673745567,0.077,0.07178370419614295,2.0
0.3790808709714957,0.35,0.393280349600765,2.0
0.6794346447405423,0.661,0.6553409823827211,2.0
0.2759017588430194,0.266,0.2957788138628472,2.0
0.1072990315868696,0.151,0.13438200792317484,2.0
0.30053110377844394,0.298,0.30894384311539297,2.0
0.6267827326056716,0.607,0.5866362290735083,2.0
0.09202090953710973,0.122,0.1290785724980923,2.0
0.39604335035825844,0.427,0.4438591859454388,2.0
0.8840829323997547,0.829,0.8349747967007819,2.0
0.31642642698022216,0.371,0.3510517816566092,2.0
0.562526426814981,0.575,0.5575314042799394,2.0
0.3651695707555037,0.375,0.3799824621481945,2.0
0.5969996076655577,0.555,0.5667015077963898,2.0
0.2541924851015738,0.288,0.2906900819213886,2.0
0.13053446944905822,0.178,0.17642364072443706,2.0
0.3742746989817186,0.383,0.37370725536268806,2.0
0.27763837784432766,0.324,0.3162192140985984,2.0
0.10707802496647179,0.163,0.15570717997563993,2.0
0.1142696055185295,0.147,0.14579280414301654,2.0
0.23823031508343984,0.277,0.2718445057901672,2.0
0.042871073756961975,0.059,0.05423195633132647,2.0
0.7255738722830862,0.719,0.6951416163385993,2.0
0.7487398430435808,0.734,0.7365264915329729,2.0
0.4247248118815481,0.431,0.4232424187166148,2.0
0.0912615778150474,0.099,0.11183184748143499,2.0
0.5886266556651645,0.576,0.5728908619329682,2.0
0.3632441393651351,0.374,0.3804898939554027,2.0
0.8540589988564169,0.797,0.7930579880480355,2.0
0.28564716716896443,0.339,0.3290528028423156,2.0
0.13990323032360474,0.159,0.1635155883896443,2.0
0.401312564105918,0.438,0.418836579713154,2.0
0.17008609285977794,0.193,0.20501573737046772,2.0
0.18738970460721538,0.216,0.23696758452371935,2.0
0.2454732032561462,0.255,0.2745470084975634,2.0
0.33577047771919666,0.348,0.3639577104590775,2.0
0.7831133023243422,0.733,0.7405398842962153,2.0
0.4232572700292534,0.439,0.43867953400127907,2.0
0.6870308965802192,0.661,0.6375837750853616,2.0
0.7122068828514829,0.66,0.664978182745262,2.0
0.12703682370764502,0.191,0.182972646100466,2.0
0.04725079020018741,0.071,0.06460923788747663,2.0
0.0559431960135246,0.07,0.0792433214245225,2.0
0.7778029403227118,0.728,0.7326258052809969,2.0
0.20077070374177686,0.227,0.23114745157059832,2.0
0.24968538135961205,0.269,0.28071606187529163,2.0
0.12830260192196874,0.18,0.1728795274827167,2.0
0.07588515643003757,0.1,0.10368042537721718,2.0
0.5744981238110045,0.583,0.5638544682091909,2.0
0.045305574061767495,0.062,0.06699934674275261,2.0
0.1002444204609253,0.153,0.14145350111845523,2.0
0.8144693155296745,0.787,0.7832609080165444,2.0
0.1476981922417553,0.154,0.16044139542048222,2.0
0.615348652311037,0.553,0.5736989138497985,2.0
0.7470205775073894,0.7,0.7140332297186729,2.0
0.4365291529170672,0.468,0.4660356043351919,2.0
0.5888251699035679,0.543,0.565931935155489,2.0
0.36545662705905835,0.379,0.3860254258704544,2.0
0.2300900094152425,0.27,0.2770224089597745,2.0
0.1529841315543341,0.178,0.18651995455595913,2.0
0.25116424796788706,0.305,0.3026355271067832,2.0
0.6475436628032187,0.591,0.6186216287197346,2.0
0.09216659048438025,0.109,0.1136633794331973,2.0
0.25375255739021396,0.261,0.27103512191183843,2.0
0.5937006153301048,0.571,0.5740468774206365,2.0
0.18214733009549666,0.209,0.1989367532237772,2.0
0.35563759286273766,0.368,0.3881522694160784,2.0
0.5716072805735749,0.575,0.5730818350417128,2.0
0.2254871585798145,0.225,0.23441680193630376,2.0
0.10635316373836334,0.13,0.13063386395143456,2.0
0.6021055903183052,0.55,0.568971745477661,2.0
0.03659713637469364,0.054,0.05280767425323178,2.0
0.4833166831714918,0.469,0.47640749538321203,2.0
0.20248883016033226,0.26,0.26408401481180316,2.0
0.6623719841988017,0.649,0.6448019060036501,2.0
0.5715682292137413,0.567,0.5595279175863438,2.0
0.7300242977557136,0.682,0.6891565099708031,2.0
0.3981583609315086,0.402,0.40330512671878765,2.0
0.10995672268745327,0.161,0.16397215604598955,2.0
0.20423191473061764,0.208,0.2195215560613939,2.0
0.7110352564427025,0.668,0.6673932898366262,2.0
0.14513689570866128,0.159,0.18926244912097376,2.0
0.4894121494544653,0.476,0.4905933693506715,2.0
0.3741193843683308,0.382,0.3738498429300251,2.0
0.6850432440827545,0.654,0.6491702815245417,2.0
0.08662284477378934,0.15,0.1321299483951886,2.0
0.8423953316716475,0.794,0.8058954478602307,2.0
0.26228362776069114,0.299,0.29910688573117683,2.0
0.18576582887390614,0.255,0.2259530258743183,2.0
0.3312255213075366,0.375,0.3716630332830102,2.0
0.47454840988200697,0.485,0.4747715273366399,2.0
0.05294215868079344,0.076,0.07979236653071109,2.0
0.6528783055517839,0.642,0.6343116434959231,2.0
0.7834204872421644,0.72,0.7351516988845381,2.0
0.13502132940285427,0.167,0.16064133673015202,2.0
0.20657129056436752,0.205,0.23065259711487743,2.0
0.22273564275033253,0.267,0.2557823724085711,2.0
0.8100205247305573,0.758,0.758821568129173,2.0
0.11768701157267247,0.159,0.15156992834061914,2.0
0.41476125643210426,0.407,0.41121631163443395,2.0
0.09143397997973524,0.143,0.1400667640804938,2.0
0.30745961131773225,0.365,0.3379985944862262,2.0
0.11982145477939954,0.16,0.1490602155060472,2.0
0.07608818563498565,0.114,0.11557746017273444,2.0
0.10887809977503127,0.15,0.15357669101942278,2.0
0.8647908662363537,0.825,0.8129919184925172,2.0
0.13378704922486362,0.136,0.15833054767217533,2.0
0.17570261551102262,0.184,0.18925317066840297,2.0
0.19727726117174693,0.249,0.2401925083020973,2.0
0.3283328458693646,0.383,0.37318305725302736,2.0
0.07744768608142394,0.091,0.10056746970180207,2.0
0.1278577468474612,0.155,0.163476521468786,2.0
0.537620178634346,0.552,0.5368049694776499,2.0
0.4549103651275238,0.434,0.443787954064711,2.0
0.7721976496836602,0.718,0.7248687332988434,2.0
0.43563944915458097,0.432,0.43594235536236464,2.0
0.08344629436333273,0.098,0.11261160124492563,2.0
0.8112445467283529,0.764,0.7719388717582608,2.0
0.13306778431107702,0.174,0.17155228896166622,2.0
0.27998192474738726,0.319,0.3190261352041478,2.0
0.2653423925216527,0.293,0.28284232645495566,2.0
0.025525839406770556,0.038,0.03046304298025617,2.0
0.1064076674355261,0.146,0.1381881057897377,2.0
0.34271002889153834,0.387,0.38398601795013737,2.0
0.1483027110087447,0.183,0.1896795321290242,2.0
0.14095395040709846,0.2,0.18669869983070728,2.0
0.3635117237928591,0.359,0.3663425218443771,2.0
0.08383847311283421,0.114,0.11461650200188353,2.0
0.2912705782889856,0.333,0.32449838219403504,2.0
0.634198218872626,0.608,0.6203006212981796,2.0
0.5159668490528191,0.49,0.5047343781081642,2.0
0.39252781371064194,0.369,0.3893662478067106,2.0
0.674089200834634,0.649,0.639990024789742,2.0
0.08381556471808527,0.112,0.1091546496210002,2.0
0.3464324251852392,0.365,0.3563073608438401,2.0
0.10007936738355849,0.126,0.12783279482543722,2.0
0.31089264491819923,0.326,0.3283337176869053,2.0
0.4407932508724455,0.47,0.46146907109934376,2.0
0.4419270011845501,0.412,0.43755347961257335,2.0
0.6843961568333016,0.636,0.6440398508423701,2.0
0.3633740024856702,0.349,0.36004656567208,2.0
0.10993143259882776,0.144,0.14287790117092175,2.0
0.03212280490401476,0.045,0.04874722445068379,2.0
0.636907684419806,0.646,0.6282749778511857,2.0
0.37056372136703153,0.4,0.38614000385291936,2.0
0.7216956274782552,0.679,0.6834178200769931,2.0
0.46312517068660586,0.474,0.47697015350359523,2.0
0.02621046901144175,0.028,0.03195371845980013,2.0
0.43758534586151077,0.433,0.46565577046175954,2.0
0.6804886830338986,0.651,0.6573462270853725,2.0
0.26575294294911134,0.313,0.2995167887890023,2.0
0.7105234949648429,0.66,0.6712714202654765,2.0
0.16738015245843585,0.213,0.20455957234395203,2.0
0.5736845534258463,0.55,0.549222452010767,2.0
0.6228964389774608,0.584,0.5804527697638945,2.0
0.09578828033942732,0.127,0.13005015749284038,2.0
0.40817141108561583,0.422,0.4227465622120573,2.0
0.09909312866696363,0.128,0.12602191149077538,2.0
0.12519348909417227,0.181,0.16252880761069938,2.0
0.07944402362359626,0.112,0.1196307125569436,2.0
0.709060805790658,0.664,0.6812719974746662,2.0
0.09433628415146,0.137,0.1391730434603414,2.0
0.4559240487895514,0.444,0.4584188292838222,2.0
0.2798918058169225,0.329,0.32031058136850504,2.0
0.5260788980258391,0.542,0.5287539380464855,2.0
0.09313011396715465,0.13,0.12126203553204142,2.0
0.5998287201770374,0.571,0.5667619622339893,2.0
0.4699302720435321,0.476,0.46097977400357426,2.0
0.12293272082214957,0.169,0.1718047959047328,2.0
0.1291898910465502,0.159,0.1578087342299161,2.0
0.2709823136225644,0.326,0.32062979715192796,2.0
0.2887838816540841,0.335,0.32562357223654687,2.0
0.07224160132017055,0.1,0.10345706667047312,2.0
0.0782574250155127,0.112,0.11118609095070422,2.0
0.6625564999887184,0.638,0.6260234965876411,2.0
0.05321371278675702,0.071,0.06781947955174925,2.0
0.543993124582476,0.557,0.5510321496275821,2.0
0.7406937781925119,0.683,0.705138058999282,2.0
0.45590383778143484,0.428,0.4520170222170719,2.0
0.1816186750564479,0.215,0.2325575156305611,2.0
0.19391079354151675,0.211,0.2219881409584502,2.0
0.19291706797488162,0.229,0.23936088149096793,2.0
0.5271923211131447,0.505,0.5078966753184004,2.0
0.13205235583821573,0.16,0.1606015267796666,2.0
0.9094441297763458,0.864,0.8641076261479987,2.0
0.18497260734556797,0.211,0.2226623023599862,2.0
0.21102828584708833,0.258,0.2744323558653582,2.0
0.0517963633858175,0.052,0.06102343145600153,2.0
0.5293932225011126,0.542,0.5356593149099805,2.0
0.06961998200335717,0.098,0.09218030907221585,2.0
0.7660513137877445,0.725,0.7265559348598312,2.0
0.7451860495638474,0.71,0.6958401026777578,2.0
0.26950629398374426,0.297,0.3063704793303338,2.0
0.5271719086006383,0.501,0.49508065418321934,2.0
0.4892535600033058,0.499,0.4884583871606313,2.0
0.19928243014455904,0.235,0.23939044763049888,2.0
0.44154031384561065,0.482,0.45124471049499176,2.0
0.052218427552256474,0.071,0.0808983593553605,2.0
0.09834483084081658,0.136,0.1294481787237352,2.0
0.4194688620324917,0.418,0.41693621476626996,2.0
0.2012423838678309,0.229,0.23536445584091378,2.0
0.2204940911536286,0.247,0.2650718587823265,2.0
0.5588847283346838,0.568,0.5519452041652467,2.0
0.46635777113401067,0.467,0.46158135511177656,2.0
0.09304976778127683,0.118,0.1237976209902469,2.0
0.26775313366430886,0.316,0.3213012071570786,2.0
0.1772651791308517,0.217,0.2121122462248665,2.0
0.4366814571342943,0.46,0.46253191895350715,2.0
0.44977324347746306,0.429,0.44006391025798797,2.0
0.09963161005309285,0.147,0.12846276468197734,2.0
0.25047317275293435,0.309,0.29639963428904426,2.0
0.41926416993956817,0.429,0.425763720667429,2.0
0.8098154037465758,0.758,0.7496536170778708,2.0
0.3406767871842511,0.361,0.378442351472857,2.0
0.04842326543354858,0.064,0.074755114395778,2.0
0.3677290407969598,0.382,0.37865573534323904,2.0
0.1809677640756766,0.25,0.2271944217367937,2.0
0.22220271124069269,0.222,0.23670347634097283,2.0
0.0689488011051772,0.091,0.087514066531152,2.0
0.6146644711968254,0.573,0.6013071779592596,2.0
0.24352562398768807,0.267,0.27344465586747185,2.0
0.08066774889834172,0.131,0.11399203128636755,2.0
0.6286637308184468,0.608,0.5917844227216515,2.0
0.4511469568795877,0.465,0.4580506775307214,2.0
0.16977643925667507,0.213,0.20667176675386023,2.0
0.4217146718013821,0.449,0.4498254672949397,2.0
0.36908894640429835,0.406,0.38128852459501705,2.0
0.24378781420791795,0.277,0.27324028667622885,2.0
0.11907937470321883,0.169,0.15807535769127637,2.0
0.26204688769149287,0.298,0.3115008087314444,2.0
0.049746087125606686,0.076,0.06879529328121718,2.0
0.3899821590881627,0.417,0.43203289471495215,2.0
0.3124143357735317,0.334,0.31692931327565277,2.0
0.7671029077949751,0.723,0.6978249246947767,2.0
0.10852406940823944,0.112,0.1411728000240494,2.0
0.5775114803583808,0.571,0.5617141477505487,2.0
0.07417971899214904,0.101,0.10565318467987139,2.0
0.10958750821936791,0.151,0.14963631419960807,2.0
0.18374444596966832,0.225,0.23525573918681197,2.0
0.32870196178848077,0.352,0.36910363249221473,2.0
0.04458762216488188,0.061,0.06414122318605876,2.0
0.2138197518337911,0.229,0.22979728066135377,2.0
0.6231474953623146,0.611,0.6057100657472196,2.0
0.49230356766985284,0.494,0.4939036845159811,2.0
0.12632677016263638,0.145,0.15223637313247487,2.0
0.2766900708143769,0.313,0.32172344739745073,2.0
0.13395760318711858,0.162,0.1610009108048061,2.0
0.2908335046420576,0.32,0.32416347997412426,2.0
0.34593028854976204,0.351,0.3481426762230045,2.0
0.5794173432379324,0.561,0.5502901422722112,2.0
0.11166005299768345,0.151,0.16174168335514227,2.0
0.07634463218118448,0.099,0.10104814385738645,2.0
0.8610685693777139,0.809,0.8183672882847318,2.0
0.06356218473105468,0.096,0.08646544247871621,2.0
0.8326148466120842,0.78,0.7719832684147125,2.0
0.04975298052184163,0.057,0.06816256489636761,2.0
0.32507869545038615,0.329,0.3291770357060111,2.0
0.22688802209410308,0.279,0.26520449137724644,2.0
0.1285189078247937,0.17,0.155489029618132,2.0
0.6549558939621771,0.606,0.634030268098849,2.0
0.15281066225338502,0.203,0.19991366560551102,2.0
0.08469700861537144,0.122,0.126764547100367,2.0
0.2483244579677646,0.293,0.30238924965505737,2.0
0.3783359830984184,0.409,0.40329636579378486,2.0
0.0540023841854298,0.07,0.07536996429986452,2.0
0.2125934804128664,0.259,0.26909218302460736,2.0
0.2257707511708391,0.288,0.26825816217453097,2.0
0.4341494497519298,0.483,0.4540457789284948,2.0
0.34560658555730683,0.346,0.36084644679991285,2.0
0.6427354922164956,0.636,0.6187844860333731,2.0
0.0797832379073028,0.117,0.12138018118761293,2.0
0.19672848452061342,0.256,0.24636073310446738,2.0
0.5926893145952254,0.572,0.5678506944077638,2.0
0.5626751246580912,0.534,0.5504958839958439,2.0
0.39329214271031576,0.438,0.41606118788192975,2.0
0.562603112460484,0.561,0.546603631096634,2.0
0.2862443921996358,0.346,0.3426025950480175,2.0
0.6564992395356808,0.637,0.6402759719356318,2.0
0.05164576743928473,0.068,0.0634911118367685,2.0
0.506194887183642,0.5,0.5035872438559814,2.0
0.169122718652565,0.211,0.225269253903411,2.0
0.23997018573331008,0.241,0.2638373706487073,2.0
0.7262942051439782,0.685,0.6767351669167175,2.0
0.7717338201141768,0.76,0.7485058194190343,2.0
0.6636299051268346,0.621,0.6246334005360267,2.0
0.08194301976433693,0.117,0.11818941824861202,2.0
0.2986297377018434,0.362,0.34448453179377153,2.0
0.31142937054572506,0.336,0.32836459930060413,2.0
0.18623475647032606,0.275,0.25343103083774304,2.0
0.3484495964165485,0.366,0.36704107429276006,2.0
0.062360187455639204,0.107,0.09598427973367896,2.0
0.06524337598040852,0.097,0.10035322262929663,2.0
0.07216368166715315,0.099,0.09990507260853063,2.0
0.8825352999788605,0.824,0.8358077154467515,2.0
0.05081640569086232,0.076,0.06965005671616273,2.0
0.4359562252790077,0.439,0.43751341745158523,2.0
0.14983383796012373,0.194,0.19099350320281835,2.0
0.11997816412627416,0.174,0.16953993934540146,2.0
0.6396137835617668,0.645,0.6286535793191075,2.0
0.7644917574105556,0.742,0.7194247170208754,2.0
0.7678745887843309,0.695,0.7109689096427517,2.0
0.8768819199879985,0.823,0.8271500734437404,2.0
0.9208356071903173,0.895,0.8888539350084402,2.0
0.4127197441961554,0.408,0.4248571040571771,2.0
0.7826412957599205,0.719,0.7404661230352628,2.0
0.3042345877067284,0.316,0.3276676030027001,2.0
0.11543636425421422,0.168,0.15873409011572281,2.0
0.30403117094360266,0.335,0.331258213168266,2.0
0.5646430915290355,0.524,0.5391339509183011,2.0
0.3924352246738758,0.37,0.37872737770092063,2.0
0.40242360591609116,0.429,0.41936181353866153,2.0
0.05075923291393336,0.068,0.07082179437648234,2.0
0.2645513521875642,0.272,0.2951394120817422,2.0
0.11293781933234304,0.15,0.15153892797911722,2.0
0.3601208453610629,0.408,0.38927562861649817,2.0
0.6612668200206033,0.634,0.6203117655525675,2.0
0.25358117749513875,0.309,0.29217463155319573,2.0
0.4560691474519082,0.442,0.46643075253418537,2.0
0.18936882678770695,0.232,0.2419256006215481,2.0
0.170638374949025,0.215,0.2082400168279756,2.0
0.0647576693331644,0.087,0.08781806304420602,2.0
0.33566687986380805,0.335,0.3557580601160199,2.0
0.45971788187125684,0.46,0.4502022862429125,2.0
0.1803908076363172,0.225,0.21855565331469667,2.0
0.09200258067665879,0.136,0.1375774627889811,2.0
0.33356477997083045,0.359,0.34722820847842056,2.0
0.508790923125001,0.505,0.5041952435030631,2.0
0.586125593309794,0.602,0.5829306830002496,2.0
0.45265661296857485,0.432,0.4460203346547147,2.0
0.18449422856531428,0.201,0.222440075637723,2.0
0.19736836792092194,0.208,0.2399281228422401,2.0
0.3844670614707629,0.402,0.3994835542405395,2.0
0.7436296510489765,0.712,0.7166525156515465,2.0
0.23077802039568251,0.254,0.25504911852684814,2.0
0.10552841992292361,0.142,0.15888910258694305,2.0
0.2733756894840087,0.309,0.3000640963162244,2.0
0.5569621155973442,0.538,0.5416046772456563,2.0
0.3253077905124998,0.331,0.33297656705563555,2.0
0.5692604206378445,0.56,0.5495842151719695,2.0
0.3826366600346308,0.424,0.4054464359223254,2.0
0.6804581601253797,0.634,0.6469209356352696,2.0
0.13265500090277005,0.168,0.18006881778084927,2.0
0.512350539640199,0.504,0.5055440976997357,2.0
0.10998956914285163,0.12,0.13819514415827994,2.0
0.02866196937055354,0.04,0.03614082105399682,2.0
0.3243723731085648,0.35,0.345577430957954,2.0
0.22427205425250507,0.266,0.24728690662736721,2.0
0.25677290010877285,0.292,0.2848119990860689,2.0
0.07006904883075749,0.102,0.09725808499495563,2.0
0.7603495928264856,0.727,0.7343635108676684,2.0
0.4409911444353868,0.443,0.4530546849814818,2.0
0.10740901947713022,0.154,0.14687990017568636,2.0
0.1973532938036987,0.23,0.22635621022295288,2.0
0.33807893227713626,0.359,0.36363584103784996,2.0
0.8649259555006845,0.821,0.8206143559272733,2.0
0.7169427599648,0.661,0.6655747854996663,2.0
0.33761468855075594,0.356,0.3595758525961566,2.0
0.17484882203828522,0.209,0.19948396563115156,2.0
0.7526547062750933,0.71,0.7142636864089048,2.0
0.3238028020723498,0.36,0.3582909471141632,2.0
0.8650377499487593,0.827,0.8305086330262363,2.0
0.41236283435273746,0.401,0.4160870341019896,2.0
0.22888842184971114,0.241,0.25746673121777963,2.0
0.2808763787016213,0.299,0.3064849453616756,2.0
0.44468000826551646,0.411,0.4410926534145058,2.0
0.10069438465090996,0.124,0.1280542399693919,2.0
0.1514172977009589,0.198,0.18478139586929065,2.0
0.44736578097138036,0.455,0.45573071676103033,2.0
0.5444962172572922,0.553,0.5418106668936502,2.0
0.10241611675084272,0.14,0.13919268255395062,2.0
0.2287823325141578,0.28,0.2788374119619067,2.0
0.3839621855006523,0.426,0.40252386826099185,2.0
0.259926756639387,0.281,0.29456105763993007,2.0
0.541599552725158,0.516,0.5137262369967003,2.0
0.4703863293445312,0.485,0.4653061511402924,2.0
0.7099084751161898,0.659,0.6725391649592832,2.0
0.45112051001315123,0.452,0.46112848804981094,2.0
0.2732772029783018,0.291,0.2982728988241659,2.0
0.10281668234441543,0.098,0.11552480170307039,2.0
0.3731720590014985,0.405,0.40383614712498844,2.0
0.05225711306535219,0.092,0.0764717487219357,2.0
0.2984518803095717,0.335,0.3546727715431184,2.0
0.060785403694861184,0.086,0.08719561025924631,2.0
0.5996551758269344,0.566,0.5718521041420171,2.0
0.6728736871081826,0.606,0.6314776366949432,2.0
0.1282648532691063,0.168,0.17117719924513022,2.0
0.6867057301067612,0.648,0.636926432969142,2.0
0.10397000420466096,0.156,0.1543942149600713,2.0
0.6142221012253213,0.575,0.5835147092270859,2.0
0.39857432646690316,0.422,0.4161049094068372,2.0
0.2931241843140534,0.33,0.32703073650639797,2.0
0.48452073548473895,0.494,0.5060898498356046,2.0
0.2974889611033321,0.313,0.3071217694027782,2.0
0.048356179618628814,0.079,0.08273703643884571,2.0
0.5792862603776561,0.548,0.5546567137023917,2.0
0.1510418479695953,0.18,0.17325810936588873,2.0
0.5454898915069594,0.527,0.5140725022937225,2.0
0.5236747525103838,0.521,0.5206767804042676,2.0
0.7548600239700911,0.711,0.7085048166480463,2.0
0.4628132629637144,0.456,0.47029147234921953,2.0
0.11600047392372215,0.188,0.1824283992220323,2.0
0.5461186172868255,0.511,0.5229611746736271,2.0
0.03913413003060151,0.061,0.060203646048918785,2.0
0.21153075549220757,0.252,0.25267538312702864,2.0
0.3115152776720098,0.379,0.35859887053106265,2.0
0.6248889241991599,0.57,0.589408867734319,2.0
0.32756726454533813,0.37,0.3568532889520913,2.0
0.7223774995497232,0.689,0.6840684321121742,2.0
0.12344230654865307,0.16,0.15179075405129008,2.0
0.5339507268625557,0.504,0.5204781505287971,2.0
0.6151624027935159,0.582,0.5905843143591624,2.0
0.10529023914489355,0.125,0.14166533295602918,2.0
0.0791495947793136,0.101,0.10769326325800166,2.0
0.6279569040439464,0.588,0.5977386239919923,2.0
0.68560713471657,0.639,0.6425622802636177,2.0
0.70054526450102,0.658,0.6617373409623902,2.0
0.3593828679822604,0.349,0.36085402037789566,2.0
0.04453007012135923,0.068,0.06800593776992793,2.0
0.42752097392520483,0.414,0.4249184835662724,2.0
0.20610979244552874,0.241,0.26060349839847025,2.0
0.4780837172911787,0.483,0.4814402478439003,2.0
0.24043841637034424,0.279,0.2784689443516486,2.0
0.741026077573783,0.687,0.6932384394918822,2.0
0.20600577438756662,0.237,0.2629456216991902,2.0
0.5042371344071579,0.503,0.5061009432242903,2.0
0.09844347404174347,0.14,0.13534477261268588,2.0
0.6896325988226661,0.639,0.6514907877800082,2.0
0.07211436074591915,0.119,0.11351742343869733,2.0
0.09216205219584905,0.127,0.13976722740234604,2.0
0.46047966874788515,0.489,0.48383973862290824,2.0
0.4290762235545187,0.432,0.42687287925330886,2.0
0.49994558958012747,0.5,0.5092714687795282,2.0
0.21385348097801227,0.221,0.23431790953045564,2.0
0.7233618307936357,0.687,0.6856515553651367,2.0
0.1759759651502535,0.227,0.22533141180524927,2.0
0.14370862444108878,0.178,0.16886179024135772,2.0
0.067385543944673,0.106,0.11122975587759779,2.0
0.3833368964380711,0.402,0.3981176403502273,2.0
0.484718035175594,0.468,0.481550150155185,2.0
0.4540920562925318,0.447,0.45917379580228707,2.0
0.6779338808810539,0.65,0.633257541216306,2.0
0.33671524540536024,0.374,0.3769778193770415,2.0
0.30105497252745295,0.321,0.32433474184144107,2.0
0.6451620941662743,0.604,0.6054220219295879,2.0
0.7481864407426546,0.701,0.7096899826078517,2.0
0.23266661237813369,0.262,0.28294227203561606,2.0
0.36988818826673353,0.405,0.3876157902886135,2.0
0.1974500461829577,0.223,0.24016206180833466,2.0
0.407457251513228,0.38,0.40919084087601143,2.0
0.29367714015212953,0.308,0.31208149529716284,2.0
0.0736861820951934,0.095,0.10609782348424875,2.0
0.6514900076310677,0.64,0.6281413916250456,2.0
0.03775091491537563,0.047,0.05796337011628303,2.0
0.33159739240950303,0.376,0.383873902497187,2.0
0.5352715519080051,0.547,0.53148456496078,2.0
0.7082238053840331,0.692,0.6628320643494544,2.0
0.6696923654618129,0.667,0.6451619396011209,2.0
0.4837513228603406,0.476,0.48003858161964996,2.0
0.317418175134523,0.318,0.34124137605635485,2.0
0.48069416341181215,0.483,0.49122729087500366,2.0
0.3213926358820801,0.35,0.34401592044649754,2.0
0.30052854220064285,0.357,0.33406144971089835,2.0
0.729622911823194,0.711,0.6941389144411862,2.0
0.8116591826259325,0.757,0.765946904003424,2.0
0.5112280163674804,0.496,0.5042009185516504,2.0
0.629421378190673,0.594,0.5912996741614032,2.0
0.5262065870116486,0.545,0.5245356974910103,2.0
0.3207392216965431,0.352,0.3497391156716255,2.0
0.49353186557554196,0.479,0.48156311147672554,2.0
0.14122412829970588,0.183,0.1793967026565196,2.0
0.47354853638878835,0.49,0.481292395683414,2.0
0.40361159315323625,0.388,0.407585053277879,2.0
0.7114658377887999,0.666,0.6757626662763414,2.0
0.16621766446086095,0.199,0.20430449445320026,2.0
0.03456885087427186,0.05,0.04729447642816987,2.0
0.23183296463297476,0.301,0.29130448770535633,2.0
0.34917099539911567,0.369,0.3864804252548161,2.0
0.6735283721129659,0.643,0.6444387842353124,2.0
0.22284784168961347,0.265,0.26121868471829063,2.0
0.03706116809343285,0.058,0.05234400024915372,2.0
0.3523801028853002,0.373,0.37722658912343593,2.0
0.6125760413642449,0.579,0.5890091932940905,2.0
0.11446089444324103,0.149,0.15223194543566582,2.0
0.1947025758880947,0.231,0.22954670760258208,2.0
0.42339506719544684,0.463,0.4296260113818866,2.0
0.057257743628350344,0.09,0.08911537771283948,2.0
0.819859365664916,0.74,0.763149970106771,2.0
0.6743669032451118,0.664,0.6414519607231075,2.0
0.7368973535306489,0.719,0.7133502063710997,2.0
0.6625455175306829,0.624,0.6068464475560331,2.0
0.08446324944121764,0.112,0.11032430024536954,2.0
0.042299043510621304,0.061,0.06459765077316547,2.0
0.1343915471835444,0.168,0.16086292563985394,2.0
0.4446053440398412,0.449,0.4584273955229527,2.0
0.16416018395276488,0.209,0.20691668321356568,2.0
0.3022624033017388,0.332,0.34150723455346893,2.0
0.2775923195737252,0.31,0.31078919818063266,2.0
0.23444957205597872,0.255,0.26775434972264966,2.0
0.12658375772557828,0.14,0.14967127972255723,2.0
0.1884562047597642,0.222,0.22106937094193121,2.0
0.5783739609891678,0.534,0.5579442542242931,2.0
0.7055830018310458,0.654,0.6735995007469975,2.0
0.08973960468642717,0.114,0.1269167382286034,2.0
0.08932669643138513,0.129,0.11934441792404384,2.0
0.49059827023969416,0.492,0.4968264728634494,2.0
0.7027114542902113,0.667,0.6642743881542164,2.0
0.2872438796666825,0.317,0.31500479571874146,2.0
0.5550603334052585,0.559,0.536828400401951,2.0
0.32784411191575913,0.331,0.36117995922182666,2.0
0.20874870278043434,0.247,0.2531258776839657,2.0
0.15024043762801742,0.206,0.2085742264861753,2.0
0.16909733057587473,0.188,0.20963582342150364,2.0
0.7688963669545819,0.719,0.7249906416689614,2.0
0.4371883523964809,0.437,0.4414491500706645,2.0
0.646748123365789,0.616,0.605810049391022,2.0
0.2192141387822144,0.238,0.22804506120104745,2.0
0.07285442380656826,0.133,0.11111424810553498,2.0
0.7753624492040341,0.757,0.7560233966134854,2.0
0.3983556547459114,0.407,0.41813839560691474,2.0
0.6109772779233799,0.608,0.5924648007823122,2.0
0.5015511799981449,0.498,0.5019605369103184,2.0
0.029557519164118085,0.039,0.04041611944298237,2.0
0.372232699327132,0.377,0.3939660346773901,2.0
0.10477110266521428,0.123,0.14251372686644542,2.0
0.7129854979304575,0.692,0.676980790741504,2.0
0.3797255559869769,0.389,0.3972706099513842,2.0
0.05844794857115121,0.073,0.08332388733602164,2.0
0.7654715250938253,0.743,0.7356172493291828,2.0
0.253448181621175,0.284,0.2871299245434034,2.0
0.23199548425957406,0.27,0.2651863852065203,2.0
0.41817140683244514,0.436,0.43648309480380304,2.0
0.5261374396366245,0.52,0.514039383758541,2.0
0.2624608156823366,0.323,0.3118986025411994,2.0
0.582806123726818,0.563,0.5516719666874507,2.0
0.8685394278143592,0.832,0.8254699356651951,2.0
0.4762077106782111,0.479,0.48676886436364053,2.0
0.6200322385218364,0.619,0.5967349594947121,2.0
0.04099385220321394,0.066,0.05274604642799901,2.0
0.2752417964565198,0.292,0.29993351542393043,2.0
0.7199970528165265,0.666,0.6732204416813072,2.0
0.1083808357115581,0.134,0.13830399699531878,2.0
0.8794454957416915,0.864,0.8496394514527369,2.0
0.0720812669896781,0.081,0.08792705089540145,2.0
0.8215460514697525,0.741,0.7593332900385752,2.0
0.20839301177137415,0.233,0.24010570698672387,2.0
0.8490153029874,0.802,0.795077710119993,2.0
0.5936208321266319,0.612,0.577501598393935,2.0
0.5390206278474714,0.546,0.5300161270551191,2.0
0.6269132802390199,0.618,0.6182122799973796,2.0
0.15376302541263165,0.22,0.1982247952556186,2.0
0.646749680951777,0.624,0.6200634184606859,2.0
0.5975632884479822,0.573,0.5681495400792358,2.0
0.22674841268462775,0.257,0.2660017693463184,2.0
0.5798717571309986,0.541,0.5468620530059398,2.0
0.1698374569395379,0.234,0.22294581964733143,2.0
0.22330756723987844,0.259,0.2726913134071603,2.0
0.4987967156319184,0.484,0.4960139354163837,2.0
0.6335005938389147,0.626,0.6272862794852174,2.0
0.3839906735152039,0.404,0.4063602551190129,2.0
0.8800028430466362,0.85,0.8362706392098274,2.0
0.3825099572438784,0.405,0.40039355759970446,2.0
0.366065558295507,0.385,0.39866652759029175,2.0
0.7004294310926256,0.64,0.657868763098245,2.0
0.9152003917828317,0.865,0.8723939476729623,2.0
0.6016006900856035,0.578,0.5882095903743126,2.0
0.061895697476931466,0.075,0.09378239174592458,2.0
0.16482552843339648,0.213,0.20793922935253456,2.0
0.40501924470523787,0.435,0.4318701137055126,2.0
0.0859933647160992,0.124,0.12862078324317544,2.0
0.22478126176583724,0.273,0.26631720783634005,2.0
0.2630227348003604,0.278,0.2944961247618321,2.0
0.7099223889499457,0.668,0.6743893441880258,2.0
0.3306696154255546,0.349,0.35699940136810265,2.0
0.4593945173385222,0.48,0.4662766382511486,2.0
0.6836019299409454,0.635,0.6495224527058416,2.0
0.18207358466719148,0.237,0.2240962968362941,2.0
0.2705705495898545,0.316,0.3089575843935107,2.0
0.02428232516353135,0.036,0.033751528071324616,2.0
0.17537976006586764,0.182,0.19443544785996866,2.0
0.12951110002267674,0.171,0.15902508597922127,2.0
0.13520633946125515,0.188,0.19269154416043768,2.0
0.37950676788522253,0.426,0.42253475664487694,2.0
0.3226998968698548,0.351,0.3572540670211361,2.0
0.37431886337202,0.399,0.3897378724414748,2.0
0.5944812303886526,0.565,0.5663016787355672,2.0
0.1552425914973541,0.225,0.215894425551983,2.0
0.6813125115687131,0.671,0.6659967978851454,2.0
0.6849495017087895,0.661,0.6614592929698097,2.0
0.33166907954735814,0.38,0.3784329282003985,2.0
0.15426879266836024,0.23,0.2160943335349709,2.0
0.6049755901419299,0.59,0.5820433363578984,2.0
0.3399643289244867,0.347,0.35212716855299264,2.0
0.1412691271846067,0.17,0.18072512617981168,2.0
0.1153359572528343,0.158,0.14340697254432758,2.0
0.06594352067959453,0.081,0.09895454798317417,2.0
0.9093110385685514,0.856,0.8712837518378979,2.0
0.6296716418876336,0.618,0.6140105981603089,2.0
0.5822501086532564,0.573,0.5662704568589266,2.0
0.6351921795873123,0.574,0.5913106669956222,2.0
0.27403367660219546,0.291,0.29656199034121256,2.0
0.7005199195238206,0.651,0.6596153294475565,2.0
0.5413813936794476,0.567,0.5391786619322759,2.0
0.766603241818018,0.722,0.7236303561294565,2.0
0.6245726148849994,0.596,0.6003007076669252,2.0
0.4136876836671204,0.433,0.4169327929212925,2.0
0.7611921038828147,0.715,0.7211522270826982,2.0
0.17707125486047337,0.181,0.18885532536903207,2.0
0.16369226783404534,0.205,0.18541631175414844,2.0
0.15946022784887537,0.166,0.18830301104261082,2.0
0.22862193028234923,0.274,0.2738324066346808,2.0
0.5449397479483122,0.519,0.5348708831203132,2.0
0.39697914477703233,0.437,0.41005016815638534,2.0
0.2464191281779532,0.28,0.2890867757679424,2.0
0.10750390919761499,0.139,0.13789717966574766,2.0
0.6325315251184568,0.606,0.6101822536841225,2.0
0.5202451024801569,0.484,0.5083833292492009,2.0
0.20402900431188842,0.257,0.24249118222261648,2.0
0.19138932521720065,0.251,0.24114966959987413,2.0
0.0947407912688144,0.141,0.13781291253138558,2.0
0.16704655931434143,0.223,0.21518856187722119,2.0
0.49453563911569354,0.463,0.49839169916957377,2.0
0.6067772514345758,0.586,0.5843225797117049,2.0
0.5903340568937091,0.591,0.5700402637440735,2.0
0.3319500546346289,0.361,0.3607586972215483,2.0
0.41692184384878084,0.409,0.43316652273802897,2.0
0.6533890093810129,0.626,0.6006655122936052,2.0
0.32216158499259906,0.338,0.34235049781256227,2.0
0.5439196092814275,0.526,0.5210701166713178,2.0
0.035507153623876575,0.06,0.05119882417315898,2.0
0.5122764911983735,0.503,0.4984395813380784,2.0
0.3955274155456713,0.421,0.4075678605342621,2.0
0.2868952568379407,0.293,0.2964891037695772,2.0
0.3237615770947232,0.33,0.3414357781050752,2.0
0.23020755589448816,0.275,0.263023642493809,2.0
0.06086354238864444,0.074,0.07770038452562242,2.0
0.05891645267416368,0.09,0.08638430564307695,2.0
0.04762586714806483,0.058,0.06689858514554364,2.0
0.12102130727828897,0.139,0.1495273766658617,2.0
0.23250485651021469,0.248,0.24740588559114565,2.0
0.14956247842667925,0.183,0.18268191189100164,2.0
0.7255185997565068,0.718,0.6962619093280239,2.0
0.06472978151387909,0.098,0.09193841906066509,2.0
0.20535619368539182,0.267,0.2449591524219611,2.0
0.5156061788904795,0.496,0.528236335932841,2.0
0.08842519373704194,0.118,0.11293095735995969,2.0
0.1986673599680654,0.232,0.24167540581654834,2.0
0.273208114082509,0.336,0.3133250545765995,2.0
0.31812876360046516,0.328,0.33315579116840893,2.0
0.6278221899341343,0.608,0.6025151225647708,2.0
0.33156730241796284,0.344,0.3569688205824665,2.0
0.25627488727466796,0.278,0.2904007308513023,2.0
0.692516703692355,0.664,0.6541352578042509,2.0
0.21270148347649354,0.22,0.2222964689609788,2.0
0.25188337823150286,0.294,0.3082551284412104,2.0
0.7426479990837169,0.701,0.6967847410685587,2.0
0.6081781523099254,0.607,0.5806212738916943,2.0
0.7578446735223534,0.727,0.7258142828612918,2.0
0.09088421792363488,0.12,0.11239462395847027,2.0
0.03952045927968817,0.05,0.05245743893840927,2.0
0.17583909342859771,0.226,0.21111231604948746,2.0
0.27623971299486905,0.332,0.3257778046417757,2.0
0.12840805091180052,0.164,0.16146536624952568,2.0
0.7547199870887349,0.692,0.7103908799982012,2.0
0.28545563662849227,0.317,0.31709443883013616,2.0
0.06418575466960141,0.092,0.09293182132028098,2.0
0.6126741683023889,0.626,0.6117570814879877,2.0
0.6133588654484925,0.555,0.5895346762622273,2.0
0.3085227273456358,0.291,0.31533167043237925,2.0
0.36326075756505927,0.412,0.3877861795589695,2.0
0.3488303643173889,0.337,0.3649808100161021,2.0
0.44789538666999196,0.438,0.4622867754562504,2.0
0.37643911750324477,0.401,0.3940851411866833,2.0
0.5667945585294581,0.533,0.5407938115425819,2.0
0.7313600496925148,0.679,0.6742630835736294,2.0
0.8408771272782345,0.802,0.7908807733444781,2.0
0.2303455021115115,0.277,0.27193754349724,2.0
0.5958767837039716,0.609,0.5895832665441934,2.0
0.18355656846978652,0.215,0.23278301102335075,2.0
0.14333856000927947,0.187,0.1737465129894767,2.0
0.6112814006690699,0.587,0.5976318204606063,2.0
0.11070848419217405,0.14,0.15714533270913247,2.0
0.05098460553944095,0.073,0.06411238132440879,2.0
0.04534235175923984,0.078,0.0691733263923848,2.0
0.21723721268297347,0.257,0.25393503936906936,2.0
0.38566068298216993,0.394,0.4006278975360597,2.0
0.20609173773182354,0.254,0.2553112872500208,2.0
0.13477346974312732,0.182,0.17727456042540543,2.0
0.18277099742095615,0.226,0.2394391773960817,2.0
0.1296804391986125,0.16,0.1813788393235182,2.0
0.08223940092765303,0.144,0.11177382054557955,2.0
0.07702266507501543,0.092,0.10706022496444144,2.0
0.03072649026736607,0.04,0.03670049034650023,2.0
0.2807210233080887,0.328,0.32328969686400616,2.0
0.3283097920749747,0.332,0.33263895942153504,2.0
0.701898526473236,0.657,0.6482795440991016,2.0
0.5142034884981603,0.506,0.49213073721634293,2.0
0.16696864452942928,0.151,0.1926319035413065,2.0
0.5783868311062722,0.591,0.5719885310964602,2.0
0.21427039585770913,0.3,0.26335295445520057,2.0
0.08704404057314141,0.12,0.12476853698948195,2.0
0.08537530648506053,0.112,0.11864790980048959,2.0
0.1351964045723002,0.172,0.17156254105762106,2.0
0.4895174729376941,0.461,0.47668887520174563,2.0
0.06807902704262203,0.1,0.09877307008237646,2.0
0.7969877548493871,0.753,0.7523116735980863,2.0
0.08261592826950714,0.105,0.11103326915096526,2.0
0.22324463760591773,0.276,0.2564804689794116,2.0
0.13724069500503577,0.196,0.1869218491008015,2.0
0.22880235930191872,0.26,0.2824271779996369,2.0
0.43335295766695725,0.42,0.43147544099965135,2.0
0.1692993538397527,0.232,0.20836685654417253,2.0
0.6110104700956409,0.591,0.583831807133159,2.0
0.11212623937806121,0.156,0.1522886183053959,2.0
0.10114594111215025,0.113,0.13038409826727002,2.0
0.5838729642066047,0.598,0.5629860463754922,2.0
0.7465717697857731,0.705,0.7098182798574405,2.0
0.06840674225802712,0.11,0.11470530517653456,2.0
0.42941864088090254,0.461,0.43613851345904536,2.0
0.03949876373983896,0.058,0.06186763286777304,2.0
0.14133038825981126,0.174,0.15292298179251562,2.0
0.12245106260015737,0.161,0.17169471293367772,2.0
0.0865021172433661,0.094,0.10636122006990315,2.0
0.19202099387800264,0.216,0.23339464579042896,2.0
0.06808396411884454,0.085,0.08422633319546416,2.0
0.34841986765534505,0.352,0.3615092449552886,2.0
0.20949139686343987,0.223,0.23457922263916425,2.0
0.6981904424112393,0.662,0.6570623483559751,2.0
0.08902206145611413,0.137,0.13627886196563185,2.0
0.15465143551821925,0.164,0.175624734724223,2.0
0.5539225895437949,0.523,0.5442491709994365,2.0
0.1367812268935097,0.169,0.17791217673455506,2.0
0.329883601406179,0.316,0.3393438928493587,2.0
0.10639595121685641,0.136,0.13524319490871253,2.0
0.07196524859337194,0.098,0.10374814119705646,2.0
0.5012447507092396,0.488,0.4960842765394578,2.0
0.8759616623301932,0.828,0.8420993869935273,2.0
0.5355232115568468,0.54,0.5250848835911006,2.0
0.5231804649958538,0.52,0.520797940000041,2.0
0.8019588772521744,0.761,0.7537920566096695,2.0
0.6457227829968912,0.633,0.6273997867419722,2.0
0.2529029480427366,0.307,0.2917398276301128,2.0
0.28041407706168797,0.324,0.3059718121246518,2.0
0.23887393324787376,0.261,0.281490115892369,2.0
0.8406429545617355,0.777,0.7789586237378493,2.0
0.3061154696302104,0.322,0.32352784519793915,2.0
0.11790394551053929,0.162,0.15238618967940704,2.0
0.2928648976835547,0.313,0.3240451314123183,2.0
0.5654310562363374,0.55,0.5439353522768013,2.0
0.40910174071401206,0.436,0.43241772456423655,2.0
0.388908320005825,0.41,0.4116439641187345,2.0
0.2531178411434367,0.3,0.302466409090788,2.0
0.3425298906782108,0.372,0.3783848545724,2.0
0.19171129041294688,0.217,0.22142918266012776,2.0
0.5992873137498722,0.566,0.5771493258978684,2.0
0.09664395679616344,0.133,0.13197035042902966,2.0
0.4530513399051814,0.468,0.4622046374017003,2.0
0.6848314505303614,0.677,0.6479943670711182,2.0
0.3286349388963832,0.317,0.33335276339836056,2.0
0.036795262143627494,0.063,0.05355365790640346,2.0
0.17290405638828166,0.217,0.20018353886647325,2.0
0.5608019950567645,0.543,0.5399298542963273,2.0
0.5483884701318033,0.537,0.5364475743272102,2.0
0.47009629402509245,0.469,0.46911170406396535,2.0
0.08064939859563358,0.122,0.11416139330495721,2.0
0.05520039743881977,0.074,0.07894253150954274,2.0
0.5028005991167126,0.477,0.4928700324716795,2.0
0.3541624339456517,0.356,0.35973946312388216,2.0
0.9060790167918085,0.865,0.8611985789128559,2.0
0.7459072154013813,0.667,0.6962242445924965,2.0
0.47447656086535606,0.454,0.4782724421264425,2.0
0.17894506822186984,0.194,0.19494050001607918,2.0
0.14108135356634288,0.154,0.15942918283214172,2.0
0.46603424817905537,0.477,0.48139215791135875,2.0
0.286852768403288,0.323,0.32223978168806794,2.0
0.7294114666108386,0.702,0.6963418201271205,2.0
0.2236404736250066,0.275,0.2818317817568111,2.0
0.3953916877867172,0.401,0.40397450377622524,2.0
0.042134910237297096,0.068,0.06250783130622535,2.0
0.49463606955513784,0.475,0.49942290175222565,2.0
0.49878721991452035,0.504,0.5075628877443593,2.0
0.08041435640722971,0.118,0.11995292551442048,2.0
0.2610720666583416,0.301,0.2895263517363244,2.0
0.32798975912720096,0.367,0.3665278011415058,2.0
0.3544888490935937,0.371,0.3948256108674732,2.0
0.25025096373106104,0.237,0.26517407703273277,2.0
0.4357598465847776,0.452,0.45901500618604973,2.0
0.07047671211240747,0.094,0.10237035091930186,2.0
0.19673534752908073,0.212,0.22779789367708922,2.0
0.5308999584267822,0.508,0.5151243673856476,2.0
0.4694711223592871,0.493,0.4827282943376898,2.0
0.6006800989825041,0.62,0.6066743002175042,2.0
0.5706681619505052,0.581,0.5715410794226651,2.0
0.18358327244137618,0.232,0.21311471344849725,2.0
0.23423381373139973,0.263,0.2650675664224941,2.0
0.10588551876424179,0.125,0.1375506759393332,2.0
0.27218597588624494,0.278,0.29768124851077105,2.0
0.2084827226801812,0.271,0.24960994737097233,2.0
0.1627640808470382,0.211,0.20137617852434775,2.0
0.35211222058555025,0.361,0.361747833850928,2.0
0.16764085753307845,0.233,0.22448908844545795,2.0
0.113592444437559,0.156,0.13349072025697006,2.0
0.04384381902731549,0.062,0.06729438952262246,2.0
0.318403673032962,0.294,0.32205761665592575,2.0
0.29177009561908374,0.357,0.33619213147003235,2.0
0.4423649442262839,0.45,0.45761604073710604,2.0
0.4234173353082664,0.451,0.4430924810317013,2.0
0.36696232915413707,0.377,0.3721356397536037,2.0
0.23544002132274355,0.289,0.2740043425356861,2.0
0.33041261993835247,0.365,0.3630164361930654,2.0
0.1154196675154896,0.147,0.1500056736894458,2.0
0.2753528370432302,0.316,0.31034909559523505,2.0
0.6063160807366568,0.583,0.5881990979933017,2.0
0.7922730403687444,0.719,0.7474132629042762,2.0
0.3314779763137585,0.356,0.3518200743490324,2.0
0.41311987554023544,0.435,0.4230245723207665,2.0
0.41283327769478484,0.46,0.4429891262468178,2.0
0.2713101391443147,0.28,0.30180134775365586,2.0
0.2243159629026591,0.234,0.23865139249092207,2.0
0.6856163659773301,0.666,0.6700327700576505,2.0
0.09311949131752284,0.127,0.12173547737222974,2.0
0.4671117743075829,0.451,0.4624454557464754,2.0
0.051344283175025485,0.07,0.07790245295332686,2.0
0.8761362160505504,0.839,0.8317144669550529,2.0
0.3383312824110152,0.342,0.36101874619959323,2.0
0.08940853151608108,0.129,0.12401742272141433,2.0
0.5645067630502438,0.56,0.5445928901597631,2.0
0.31648618784342886,0.33,0.32128303279181925,2.0
0.6193123794131117,0.629,0.6025279573139066,2.0
0.07802109834077953,0.108,0.1128789749748831,2.0
0.41082266718008553,0.416,0.4190226178443285,2.0
0.6622006688863455,0.65,0.6300257615488594,2.0
0.2535309360726201,0.284,0.3044854194990694,2.0
0.2928111812098424,0.342,0.314082689006538,2.0
0.1279381054305161,0.172,0.1668518477130623,2.0
0.19055956394135132,0.265,0.25423944633118684,2.0
0.07340650873353094,0.113,0.10610017923138061,2.0
0.11944916367036607,0.145,0.15664998472578623,2.0
0.6790772575066668,0.636,0.6473113935517733,2.0
0.3498894696020146,0.409,0.3848637722434329,2.0
0.44788214671993176,0.467,0.46106822216892085,2.0
0.3615069548987522,0.359,0.3739693731562682,2.0
0.6178346746100579,0.571,0.5866889816514363,2.0
0.6468493633470753,0.614,0.6034477968979217,2.0
0.1923866790910056,0.232,0.24246242260767756,2.0
0.498362584835649,0.467,0.4917118334000487,2.0
0.4591751079372939,0.459,0.4660914703080936,2.0
0.44253791521548347,0.481,0.46002143945404705,2.0
0.2513860398440836,0.277,0.26664960503825297,2.0
0.380334232647781,0.403,0.39281865708414976,2.0
0.10255080197405941,0.148,0.14849703969234712,2.0
0.06536813780866835,0.072,0.08712662052255667,2.0
0.339101653905057,0.388,0.37288280706362587,2.0
0.054104203198574896,0.059,0.07084860602474882,2.0
0.5728018747798453,0.585,0.5488081347428787,2.0
0.09978272320578774,0.159,0.1453512938439095,2.0
0.5663550598110865,0.571,0.5520841681143269,2.0
0.141463679377422,0.193,0.19422734182030224,2.0
0.385025705399213,0.401,0.40696637357987137,2.0
0.05696499287190626,0.091,0.08638279887484054,2.0
0.6840726853451323,0.614,0.6324917102030674,2.0
0.48529051497608033,0.484,0.49914609692485495,2.0
0.5975096491025121,0.586,0.5778374207171177,2.0
0.30201311873875214,0.361,0.3440516326623253,2.0
0.16080561517343517,0.196,0.1939602636752374,2.0
0.33555176702415,0.371,0.368958803450002,2.0
0.14663103315612303,0.188,0.1935657208827133,2.0
0.5658148164247276,0.529,0.5466202317825001,2.0
0.4970557589516057,0.527,0.5160628156775853,2.0
0.6254507289505415,0.584,0.5951028921843091,2.0
0.8133932569603243,0.73,0.7509724862082774,2.0
0.38826134626516906,0.403,0.40341859578629197,2.0
0.39149611980915233,0.442,0.40196059237586795,2.0
0.7368085156900055,0.698,0.6955361915348693,2.0
0.764890911262285,0.712,0.7145628082853971,2.0
0.3597008620076525,0.352,0.3634856777431958,2.0
0.33019292573352665,0.354,0.3721558330922829,2.0
0.20045705489162746,0.252,0.23255811988428138,2.0
0.04899511924302413,0.076,0.0773682539802507,2.0
0.3815046093751976,0.41,0.3845768833367838,2.0
0.7297929667454943,0.701,0.6951580137736834,2.0
0.1849940942938303,0.234,0.22064234367053323,2.0
0.5371881184077287,0.53,0.5222377746500199,2.0
0.3071946895734461,0.319,0.3128124613339844,2.0
0.04243004015569485,0.056,0.05965377502204178,2.0
0.31740014460665333,0.334,0.35296019345503715,2.0
0.3668448120880998,0.375,0.379420492700568,2.0
0.32514745852771687,0.354,0.3401016947708443,2.0
0.32435453320981067,0.396,0.37203702383608583,2.0
0.2277613335979597,0.264,0.26221336488782115,2.0
0.20766291229212452,0.247,0.2553309989700077,2.0
0.800453286120611,0.762,0.7558317374155352,2.0
0.6644410888515715,0.628,0.6400614239284961,2.0
0.45844894915554124,0.446,0.4500423155628118,2.0
0.12863128086037834,0.159,0.1546722289375245,2.0
0.5638971746093551,0.584,0.5613831154644197,2.0
0.2906402147087046,0.305,0.29586662586988677,2.0
0.21087956381956807,0.232,0.24556704519633246,2.0
0.08241876213014454,0.104,0.10609194438008479,2.0
0.5112715799093457,0.495,0.4958970633294854,2.0
0.3820963743511886,0.376,0.3794153652174911,2.0
0.04155441872385357,0.058,0.06664785080222436,2.0
0.3570170738192531,0.383,0.37430353184874404,2.0
0.4415051175478435,0.411,0.44289058571120377,2.0
0.35495920929369384,0.377,0.38395140584645343,2.0
0.0619970794828274,0.089,0.08169508752981271,2.0
0.10580914732515889,0.129,0.13793357314237484,2.0
0.08403273024781055,0.122,0.12547128219373818,2.0
0.5058098469426775,0.522,0.5053585966267378,2.0
0.41677807633628094,0.449,0.4397605023610312,2.0
0.40981148400159884,0.406,0.42347282967644895,2.0
0.08462908394267543,0.107,0.10040392758686872,2.0
0.13820823649032565,0.151,0.16918179314962833,2.0
0.1753758180203122,0.233,0.23241958697537712,2.0
0.5588578742924475,0.554,0.5551876177830818,2.0
0.2190149570312716,0.263,0.24948777674510803,2.0
0.5701184151813188,0.574,0.5626175169708951,2.0
0.2566609212798402,0.336,0.31027127626885875,2.0
0.34230528189405096,0.345,0.356213904408538,2.0
0.5519670661771174,0.508,0.530313770206095,2.0
0.15663973682628052,0.211,0.19768331224774593,2.0
0.054628116610515365,0.081,0.07808966970827612,2.0
0.04389506089601736,0.058,0.06366752461974798,2.0
0.1124653662017846,0.158,0.14819830049744806,2.0
0.09114303145548519,0.142,0.14090241279305374,2.0
0.7417163135680427,0.711,0.7010600796301427,2.0
0.318739982790717,0.323,0.36255798317058463,2.0
0.09104306236154647,0.117,0.12223956904516735,2.0
0.2830378904988976,0.314,0.3191146000227229,2.0
0.034078080455658744,0.054,0.048590621635195834,2.0
0.12197827903112779,0.193,0.16909001169091162,2.0
0.06818123428383271,0.11,0.11353273284279904,2.0
0.05199232584526736,0.09,0.08247202177432118,2.0
0.19151777187693886,0.228,0.2292393558630797,2.0
0.3333087554239885,0.355,0.35058737171925375,2.0
0.679836468679892,0.634,0.6398118127423611,2.0
0.10352020924575767,0.128,0.1238201309068372,2.0
0.8511967482805675,0.801,0.7982575309134627,2.0
0.035807595683071236,0.037,0.046110157625578664,2.0
0.18224960048150163,0.24,0.23039407151721147,2.0
0.14817839987447456,0.194,0.17511407393416545,2.0
0.0977715255594317,0.122,0.13029122635204282,2.0
0.09718498135659193,0.119,0.11478526453239879,2.0
0.1250753963919321,0.154,0.15838826283275134,2.0
0.05694188459329086,0.093,0.08963167519662818,2.0
0.5176317580383779,0.521,0.506369506805209,2.0
0.034377180034774635,0.053,0.04315961150508816,2.0
0.43924235491513075,0.434,0.44079363810873295,2.0
0.5380048226105631,0.507,0.5228638297993969,2.0
0.10505220953230787,0.117,0.12578678724920683,2.0
0.28802008647707855,0.321,0.33118994977804783,2.0
0.38749177255895184,0.42,0.40459017481180226,2.0
0.662705565813293,0.635,0.6380301671067505,2.0
0.520556752885388,0.502,0.5015153855683119,2.0
0.40606450351706125,0.43,0.4306282005025879,2.0
0.14694395151009987,0.21,0.20392896363118715,2.0
0.7500056310906424,0.69,0.6936924181984726,2.0
0.7051821793044215,0.636,0.6590773773420825,2.0
0.5614416484289433,0.561,0.5560828468306165,2.0
0.13345387441558265,0.16,0.15447159333707167,2.0
0.7081642375709263,0.646,0.6683029582040246,2.0
0.05322058970430843,0.088,0.07949183801475494,2.0
0.22379280868090823,0.277,0.25233504187798056,2.0
0.1018638750462183,0.132,0.1437863457779823,2.0
0.7963997730521688,0.754,0.7434869946791405,2.0
0.8431887534410141,0.769,0.7850637111619572,2.0
0.07925525256888499,0.101,0.11997296160089592,2.0
0.6425685397408485,0.629,0.6124200735739657,2.0
0.7993788062914136,0.738,0.7429699838616013,2.0
0.6539399812177185,0.653,0.6325535302867447,2.0
0.44191245940193946,0.484,0.46242741059736214,2.0
0.786246225707778,0.755,0.7506773562934796,2.0
0.3199910945582365,0.382,0.3709663961530002,2.0
0.5186137561786395,0.523,0.529310050420002,2.0
0.15861108188911743,0.203,0.20375884224657925,2.0
0.4386180267436999,0.447,0.44021336731125577,2.0
0.5739062236599213,0.534,0.5493706947908621,2.0
0.4028428613140974,0.388,0.4020593425684503,2.0
0.4931319725527956,0.506,0.5080772804869649,2.0
0.6330285685687929,0.594,0.6072945468696447,2.0
0.15019015749699827,0.191,0.18738534983172606,2.0
0.19449039049878747,0.213,0.2144689415812963,2.0
0.5340515178126237,0.521,0.5231196217437948,2.0
0.5149071899473141,0.497,0.5121071578037104,2.0
0.6600087361800749,0.629,0.624331740593482,2.0
0.24509075325151064,0.291,0.2744945014037348,2.0
0.5792774752621294,0.547,0.5546825660147886,2.0
0.5444629140086017,0.501,0.5182550322555195,2.0
0.03270883585515161,0.05,0.041709295144649446,2.0
0.17182290956339008,0.221,0.2052558750494281,2.0
0.3646947504466548,0.376,0.37199923497025783,2.0
0.7608628339438365,0.684,0.7192216143386334,2.0
0.19552319711649124,0.213,0.22796969763541788,2.0
0.0530765525917416,0.069,0.06801277577424496,2.0
0.30493362183020056,0.328,0.3253186805415722,2.0
0.40473425681429787,0.41,0.4044893106940687,2.0
0.2531642671540997,0.251,0.29141232576122555,2.0
0.680409198086122,0.643,0.6504807281593744,2.0
0.3462767268444711,0.374,0.3546909940367049,2.0
0.22043932175273862,0.265,0.25302287437545556,2.0
0.608608870810156,0.611,0.6065452134349917,2.0
0.1913001293190295,0.258,0.2561044956261502,2.0
0.27882536212864817,0.325,0.30618460197835645,2.0
0.11860411895196055,0.174,0.17347029702331784,2.0
0.06917655617342156,0.104,0.09319601935861903,2.0
0.2218693054715699,0.269,0.26170422765269175,2.0
0.8103536063890306,0.769,0.7566161395134766,2.0
0.13251093115567558,0.171,0.17063992383383988,2.0
0.39538832341562224,0.375,0.39391480039650373,2.0
0.6338561011209847,0.611,0.6088316036200561,2.0
0.49172102385637695,0.48,0.49400630048021366,2.0
0.8825334541188147,0.839,0.8262499866181185,2.0
0.16848031384528794,0.219,0.21737027712748386,2.0
0.07174082186758257,0.095,0.08772704971308994,2.0
0.23161973512926126,0.278,0.27303049780140454,2.0
0.2827414504916027,0.342,0.332335235387789,2.0
0.4065039769561054,0.415,0.4268202162464616,2.0
0.35922122108380616,0.374,0.37866706199229216,2.0
0.07099375312964773,0.102,0.10254742517532695,2.0
0.6119669468409383,0.578,0.5875918986730823,2.0
0.12846442569231398,0.17,0.1744342096536194,2.0
0.15248144539517205,0.206,0.21438124902297317,2.0
0.7750110515502622,0.718,0.7126690940715013,2.0
0.42304958689222216,0.407,0.4137707932726472,2.0
0.32371134898070053,0.353,0.3611464111165695,2.0
0.1866188487494015,0.202,0.2099054454359418,2.0
0.48092976387441944,0.485,0.4873714656332742,2.0
0.5720349694919005,0.56,0.5513008893809744,2.0
0.7355840865429669,0.696,0.7005980628407682,2.0
0.13067420258407014,0.164,0.1585095739018621,2.0
0.5456811820904957,0.53,0.534230228960894,2.0
0.23986635698794112,0.256,0.2601612735427254,2.0
0.6972191683895828,0.667,0.6771954423409011,2.0
0.769044132110023,0.733,0.7342094731310577,2.0
0.4200836129894262,0.419,0.44002917475111897,2.0
0.1359789118913679,0.189,0.1906530378118393,2.0
0.45195657063936945,0.447,0.450630961451397,2.0
0.3082971719495603,0.32,0.33362605670977075,2.0
0.044809461179629584,0.076,0.070182427006068,2.0
0.8021984593289063,0.742,0.7378749475933337,2.0
0.14064556154308105,0.174,0.17488473965697932,2.0
0.06024631708078343,0.073,0.06921562827408448,2.0
0.05522909019578037,0.085,0.07821401003584391,2.0
0.03625823574970499,0.059,0.04940593730455859,2.0
0.524890642898372,0.512,0.505680598245883,2.0
0.809168369042921,0.742,0.7528367370376503,2.0
0.6470763919220361,0.6,0.6148340024805536,2.0
0.20241374184627525,0.224,0.24754752699976004,2.0
0.12445505092062537,0.187,0.1678972891576232,2.0
0.4583869273984158,0.471,0.4584001815992868,2.0
0.10088609211773625,0.134,0.13702558375917348,2.0
0.5854063344864928,0.585,0.55688767168117,2.0
0.20565983464073723,0.235,0.22835136642987686,2.0
0.2777845446933497,0.336,0.32581463860954707,2.0
0.13707047172508657,0.16,0.17725526525047666,2.0
0.03392513913765027,0.042,0.047677911739188165,2.0
0.7006416864030782,0.67,0.6640777403191829,2.0
0.09838377102612539,0.144,0.13973879081945934,2.0
0.09501195484742697,0.126,0.12367661491496318,2.0
0.4114575616952413,0.415,0.41790589587981364,2.0
0.7521627126938742,0.692,0.7131114845699675,2.0
0.25155801233573116,0.317,0.3178734361909395,2.0
0.4042256027479223,0.447,0.42333116602836607,2.0
0.3669842301464138,0.411,0.39850060592803593,2.0
0.40785833912872116,0.392,0.40570839066261805,2.0
0.16639147164683232,0.203,0.19573442093386392,2.0
0.6374905603275609,0.606,0.6105513770365558,2.0
0.3549375948646608,0.383,0.38168567144140386,2.0
0.41168839159292303,0.446,0.42667656834017437,2.0
0.026892131259580232,0.027,0.03713562208629074,2.0
0.28560557249450547,0.351,0.31953724715307713,2.0
0.2668032959793898,0.28,0.27856717727733993,2.0
0.12588901978443212,0.141,0.161441916601263,2.0
0.10238058337964373,0.154,0.13768569724699367,2.0
0.061624829848025864,0.074,0.0787916901810069,2.0
0.7478574127933422,0.734,0.7251227808055688,2.0
0.2512369149637411,0.282,0.27050501505821173,2.0
0.07447774951913233,0.1,0.09895690157900705,2.0
0.7782753862017279,0.735,0.7363187141842114,2.0
0.46727933790440135,0.462,0.46964089812608834,2.0
0.037567678488549694,0.048,0.055136283384480726,2.0
0.051847583909781614,0.071,0.0741084029044538,2.0
0.2899870305068615,0.345,0.34405418893173073,2.0
0.2988621414345237,0.334,0.3272705831894411,2.0
0.108058078569777,0.177,0.15628530892381423,2.0
0.7888355970210382,0.704,0.7345785649411306,2.0
0.10722453468927184,0.129,0.13371493467910506,2.0
0.3975459668709681,0.422,0.4358578787819835,2.0
0.7839229652396098,0.725,0.7309408771757908,2.0
0.21033878855809418,0.253,0.24681211051669613,2.0
0.41970434461923056,0.4,0.4278295816878094,2.0
0.3638014645451785,0.383,0.3666146273300215,2.0
0.07772785580446939,0.105,0.10235757590297745,2.0
0.06644986466605873,0.096,0.08574469008738166,2.0
0.345284988177763,0.349,0.357591682073452,2.0
0.1567224183023942,0.19,0.1950918930616123,2.0
0.7934019282910547,0.733,0.7585381971322724,2.0
0.8006969511797446,0.744,0.7413575242004735,2.0
0.4755661964062152,0.475,0.4726798690536414,2.0
0.06462550230418695,0.094,0.08598936261847577,2.0
0.26199903008280157,0.267,0.2962648997120054,2.0
0.5281796154221043,0.506,0.5103353239055036,2.0
0.13839352249462844,0.186,0.18977003764275446,2.0
0.13865775338395636,0.196,0.19218820067879733,2.0
0.11687553282154262,0.174,0.1671129182964697,2.0
0.06298155895847146,0.083,0.07694669101261092,2.0
0.03099332069463756,0.046,0.04737873370872596,2.0
0.30036911918380105,0.353,0.3398918959468805,2.0
0.7881344907899012,0.747,0.7530067560016904,2.0
0.8217036480674266,0.747,0.7670139357066901,2.0
0.33710195931477693,0.358,0.34950078083807834,2.0
0.48113546900791293,0.469,0.4731992587890901,2.0
0.7298032525806215,0.68,0.6887242847790555,2.0
0.8441575495845033,0.776,0.7848277149839299,2.0
0.4107547091557394,0.386,0.40718060053319177,2.0
0.6189524331637267,0.593,0.5906459539886635,2.0
0.05186613111953442,0.089,0.07949662115607777,2.0
0.1434259170633877,0.198,0.19777978297680657,2.0
0.11713157368045679,0.156,0.13506797486851208,2.0
0.43680024719692323,0.438,0.43568042018747727,2.0
0.4890641439151111,0.427,0.4810284213275191,2.0
0.17742964802694106,0.24,0.22781649375393026,2.0
0.1938678707040955,0.229,0.23176706191807322,2.0
0.15190724259563637,0.155,0.16730154520942098,2.0
0.07078388972362448,0.112,0.1046226466720529,2.0
0.25539217941375814,0.267,0.2960342868172189,2.0
0.72647370323994,0.693,0.6917531551262703,2.0
0.2311008746701253,0.25,0.2713943283611357,2.0
0.3447826233758863,0.354,0.36517127510324116,2.0
0.09243167287229348,0.122,0.12915164357167222,2.0
0.43691278768504116,0.442,0.4386393444048395,2.0
0.24501994505900748,0.284,0.29132050571965046,2.0
0.5718003084626962,0.57,0.5491735013725298,2.0
0.6280318627060243,0.606,0.6130687393954234,2.0
0.8097468501281655,0.764,0.7537237263835207,2.0
0.5882726837710976,0.577,0.5681362969221049,2.0
0.32163371046373335,0.338,0.3242794828506793,2.0
0.7649928326425365,0.724,0.7288234332239883,2.0
0.7872594391557505,0.739,0.7483241908466363,2.0
0.7532858777110862,0.708,0.6987085815790635,2.0
0.05512492854843809,0.065,0.07646088319370038,2.0
0.2788240665035072,0.31,0.32176414274515625,2.0
0.23768550398202115,0.259,0.2645431818197391,2.0
0.0987425112244662,0.113,0.11834894738611576,2.0
0.6195541421861589,0.578,0.590424625539358,2.0
0.9025673178848107,0.9,0.8765416725345899,2.0
0.817026210918419,0.789,0.7658634078307885,2.0
0.04238492709121666,0.058,0.06248548950605224,2.0
0.5613961664952711,0.524,0.5377568585358153,2.0
0.4479947764684038,0.453,0.46705048777377506,2.0
0.596116232966491,0.576,0.5702032475686435,2.0
0.03931634281075236,0.04,0.05205907662461726,2.0
0.38270157224158885,0.396,0.39299603754261425,2.0
0.12550191331309024,0.194,0.18204084919825497,2.0
0.5300760701391232,0.508,0.5081086979165491,2.0
0.057466725201679614,0.083,0.0892424733156691,2.0
0.07975059985199862,0.115,0.12760348610530794,2.0
0.2594640652105207,0.302,0.30931555678312284,2.0
0.6208474964785033,0.597,0.585043265472829,2.0
0.3722765861976566,0.374,0.38343035696847677,2.0
0.5981511779850455,0.597,0.5854692393204531,2.0
0.11270063988295687,0.163,0.162056967615185,2.0
0.1262743949716818,0.153,0.15400237776707668,2.0
0.7285340048645007,0.695,0.6850858065016779,2.0
0.4937217039863333,0.477,0.48303951644671533,2.0
0.10565692329593812,0.136,0.1571857850939146,2.0
0.3571847623127007,0.37,0.39039588397998565,2.0
0.30620564795488714,0.328,0.33225435960144944,2.0
0.32588242715618443,0.356,0.3532125453110472,2.0
0.09287071292835669,0.116,0.1107466471462284,2.0
0.4601599059524891,0.498,0.4876606464071788,2.0
0.5267821717054227,0.511,0.5054246283874841,2.0
0.07775856180696228,0.1,0.10815933460130964,2.0
0.7351059838314165,0.709,0.6878708781586197,2.0
0.1451699553132505,0.171,0.1756072133643461,2.0
0.5213351217271825,0.53,0.5224836528171348,2.0
0.5210028001997064,0.5,0.5018623306799457,2.0
0.24471539118646735,0.278,0.2909831990691391,2.0
0.2795620019227454,0.298,0.3113795039991439,2.0
0.46376022621914204,0.473,0.4804572814203113,2.0
0.6346960342965495,0.622,0.5978945278551208,2.0
0.5100152696228551,0.458,0.4840688662167315,2.0
0.5954197410767932,0.59,0.5668542518303112,2.0
0.08699070545057264,0.11,0.11357523396044951,2.0
0.18155757207842826,0.219,0.1966099114902362,2.0
0.16855221988288638,0.207,0.2103864493597502,2.0
0.46013171815155685,0.5,0.4607718085321568,2.0
0.29149308646951344,0.301,0.29920216144298406,2.0
0.6667199263638267,0.622,0.6366667037801957,2.0
0.6128757389942701,0.594,0.5949154971478859,2.0
0.2941734319877233,0.344,0.3236960292565185,2.0
0.310820330336391,0.381,0.35102418843015776,2.0
0.45573263222698246,0.448,0.45547582217475324,2.0
0.17696957346510866,0.233,0.23360225604871554,2.0
0.15315740316935067,0.203,0.19111838892690544,2.0
0.6608786466193864,0.631,0.6366065292979893,2.0
0.6024184927217628,0.554,0.5654891612113617,2.0
0.40589118121447654,0.418,0.4186110624397786,2.0
0.10982676066837982,0.154,0.14543005253415547,2.0
0.06837585166665183,0.096,0.09858852449679029,2.0
0.09583711041806842,0.141,0.13453595148851047,2.0
0.4644049149171481,0.451,0.4577805604414316,2.0
0.7248972435389259,0.712,0.6992012235362473,2.0
0.1335251723895684,0.185,0.19260334358700024,2.0
0.4199355853895147,0.443,0.4209293623562402,2.0
0.6334257549801063,0.597,0.5940233126940071,2.0
0.04599518342018105,0.071,0.0629026743560402,2.0
0.6066293969551191,0.594,0.5797670202866524,2.0
0.567724824810262,0.551,0.5539609666363438,2.0
0.8129017626619203,0.783,0.7734879649787273,2.0
0.5752712497845986,0.572,0.5624705520530872,2.0
0.30745668882775523,0.353,0.33670310234792455,2.0
0.4453909339943457,0.468,0.4585992478859153,2.0
0.14644156029396616,0.185,0.17814534963198994,2.0
0.30494166671711065,0.331,0.33409636106430707,2.0
0.02989501281925555,0.031,0.03934517188606316,2.0
0.156433237750513,0.195,0.20330434916534487,2.0
0.5735686407527496,0.571,0.5751571154792049,2.0
0.19832676194353838,0.261,0.24454630036888958,2.0
0.10835649505122502,0.156,0.15169004273397327,2.0
0.3309849197580591,0.343,0.35334029765419894,2.0
0.16930384860107295,0.211,0.2228546582261421,2.0
0.04521363856669469,0.062,0.05621570501952073,2.0
0.09407507584030461,0.129,0.11120633533552941,2.0
0.09975111437417794,0.132,0.13065440172810178,2.0
0.08716968071946929,0.129,0.12124092221398625,2.0
0.30494605255828033,0.298,0.33088707448857546,2.0
0.15549049397022852,0.213,0.21036612064196086,2.0
0.07372553415218508,0.092,0.10397247892142421,2.0
0.023638896030342305,0.034,0.031373238816383646,2.0
0.11790448524039598,0.147,0.14889153760695123,2.0
0.21753356314920724,0.239,0.2576908348834791,2.0
0.08609223668323451,0.112,0.12835048351201814,2.0
0.8238325178148105,0.782,0.7880241355438785,2.0
0.08948410946597007,0.134,0.1319197827821192,2.0
0.4302667150433872,0.42,0.4511192107802128,2.0
0.07499204671238202,0.109,0.12107224539923347,2.0
0.13123366677358506,0.172,0.17412808700328905,2.0
0.4548313283369746,0.425,0.45435117257977226,2.0
0.3380641294412632,0.372,0.3714331813786529,2.0
0.06646877431739118,0.1,0.08906316238341917,2.0
0.05663141172585784,0.059,0.07353342325563204,2.0
0.6948352814558796,0.672,0.6546678081028181,2.0
0.4071921948811891,0.441,0.42755761302584927,2.0
0.19635584408791174,0.224,0.23525584661782495,2.0
0.8834416537237139,0.836,0.8358389537052985,2.0
0.12374837003938854,0.159,0.15773718369749837,2.0
0.4668424125402896,0.451,0.4713306836256317,2.0
0.06081745624550039,0.094,0.08056624921241771,2.0
0.8593692988886907,0.815,0.8134182438079726,2.0
0.18727679536642416,0.207,0.21410939785152355,2.0
0.4972864363928312,0.481,0.4889214981428309,2.0
0.42555543311873867,0.419,0.43486809849302627,2.0
0.05679595488283384,0.09,0.08374716357567455,2.0
0.3977744383990274,0.417,0.41344349553310433,2.0
0.7384136045717773,0.699,0.7041132601160607,2.0
0.6688622125677737,0.635,0.6385254323872513,2.0
0.3219740799279618,0.344,0.3539501960875788,2.0
0.6039806990271044,0.591,0.5857921759583979,2.0
0.460211816567518,0.467,0.4543684592721947,2.0
0.06427079720596329,0.079,0.08614348189551149,2.0
0.08884538373028106,0.12,0.11013934465659497,2.0
0.482267523550296,0.5,0.49670917927403113,2.0
0.2803820993691738,0.332,0.3208028074480474,2.0
0.060537345083294,0.107,0.09610913325785679,2.0
0.48242712641726126,0.464,0.48595352417532656,2.0
0.2980195884697662,0.333,0.3162784148241218,2.0
0.1997494712411042,0.259,0.24115808852923618,2.0
0.7665035129459385,0.7,0.7140506714830257,2.0
0.07415793334567455,0.092,0.09394672266282861,2.0
0.8465553495843248,0.797,0.7997502212441517,2.0
0.5802629615304218,0.578,0.5660440054593546,2.0
0.5872678961999669,0.541,0.5407734698990849,2.0
0.4115541108745343,0.458,0.44163179019665194,2.0
0.08441079387710215,0.116,0.12495196585566638,2.0
0.47508378354048786,0.478,0.47979442629734553,2.0
0.04215905732519265,0.061,0.064194339151756,2.0
0.46357292070352674,0.444,0.4593987001785646,2.0
0.0880492274963195,0.125,0.10970616201268389,2.0
0.13842960240041546,0.184,0.17121922596818634,2.0
0.373712180731924,0.419,0.3948370427974431,2.0
0.1043244206438223,0.134,0.12979488657061233,2.0
0.8013809608922644,0.752,0.7374397027742968,2.0
0.14087823738155814,0.198,0.1921525274778668,2.0
0.03730484179132976,0.05,0.0478968054158628,2.0
0.5987558229262591,0.6,0.5791463914221349,2.0
0.416773274921575,0.431,0.4395967732452182,2.0
0.03578191440247347,0.051,0.050252055716757726,2.0
0.3040668879299533,0.383,0.33866043210435826,2.0
0.07849543975236972,0.122,0.11005524237017919,2.0
0.38449310513870516,0.396,0.4062561735376151,2.0
0.5710978630941208,0.554,0.543125189791383,2.0
0.27390484127330905,0.294,0.28686996666622794,2.0
0.46883731765599945,0.464,0.46764481641841105,2.0
0.7739050635446824,0.75,0.7466432445605753,2.0
0.7663952407521452,0.734,0.7265498881307906,2.0
0.4722949441855483,0.452,0.4613163303144073,2.0
0.3543474195962911,0.392,0.3884633199201665,2.0
0.8581260599089742,0.807,0.8149562493908455,2.0
0.45253443062122356,0.432,0.45224637411132973,2.0
0.4554308939569639,0.446,0.4457220581960902,2.0
0.6653088793981324,0.616,0.6297849747573485,2.0
0.7387118658097646,0.719,0.6988812498915677,2.0
0.14913612105546492,0.169,0.17169477713003609,2.0
0.558950153486822,0.537,0.543305209739836,2.0
0.11318745982278255,0.116,0.14417486019939493,2.0
0.7509986444029715,0.69,0.700861406207977,2.0
0.05270778348555516,0.057,0.06807321589551676,2.0
0.13859446546789156,0.184,0.17852506307037821,2.0
0.8399863418018814,0.792,0.7871223337893337,2.0
0.5380387623907609,0.537,0.5230808493752189,2.0
0.45555866475320084,0.457,0.4475767468692093,2.0
0.44583008438483884,0.45,0.4552404132223576,2.0
0.12058593413478491,0.174,0.17516963654520504,2.0
0.13778608319072272,0.149,0.16775034613428497,2.0
0.4716872237188545,0.454,0.45128289961760154,2.0
0.1148918510175011,0.152,0.14952700751797,2.0
0.33126566573848515,0.381,0.3688982781717582,2.0
0.2578909271203491,0.31,0.2855657645798022,2.0
0.1306456160028322,0.153,0.1695656529274332,2.0
0.2436369886742762,0.298,0.29418121663460317,2.0
0.7241605556272893,0.707,0.6848389803661179,2.0
0.128010620446939,0.179,0.16619906402758527,2.0
0.45205282651823453,0.443,0.4462731161224159,2.0
0.04643703196296167,0.052,0.05902665298064577,2.0
0.5917146149201928,0.604,0.5926556539396842,2.0
0.7212116193764664,0.687,0.677354826174861,2.0
0.3662427254320729,0.404,0.3885653425705371,2.0
0.11982417637598408,0.18,0.16534832952170966,2.0
0.32132770574601033,0.348,0.33842008523477946,2.0
0.14764299985687235,0.194,0.19264496885813587,2.0
0.6387821776465722,0.58,0.5948997285861347,2.0
0.20295660128904136,0.245,0.23397719620159887,2.0
0.4746830629373382,0.52,0.4746502233985294,2.0
0.2124750469772455,0.273,0.26802727167660584,2.0
0.1702416146350959,0.211,0.19904891430180685,2.0
0.10731773792992583,0.159,0.13536388513362335,2.0
0.5836055528110515,0.555,0.5649436746776375,2.0
0.6848169042620419,0.647,0.6496869815520643,2.0
0.30251191444813064,0.338,0.3414141642738485,2.0
0.15883874484157579,0.188,0.185918570457809,2.0
0.26672696964854137,0.295,0.29421568388499986,2.0
0.5734468543349356,0.561,0.560003968710465,2.0
0.08580986348840558,0.124,0.12015308902707675,2.0
0.7157187736677688,0.665,0.6641957645304566,2.0
0.0748467860613613,0.104,0.1108342913519769,2.0
0.8769188786339267,0.807,0.8212905637307751,2.0
0.5982985978570953,0.57,0.5704386961989505,2.0
0.23344483896108448,0.281,0.26774769089289746,2.0
0.17766448119075495,0.204,0.21349693872203257,2.0
0.05356747287239483,0.083,0.07604121745628839,2.0
0.027332839460101677,0.046,0.03964627263640779,2.0
0.6205879358335631,0.608,0.5964391845570945,2.0
0.5145690146082575,0.516,0.514827781819055,2.0
0.09574054146553634,0.123,0.11962147818599686,2.0
0.8822620445438016,0.846,0.8363149808612366,2.0
0.07424317279196724,0.092,0.10392760021591331,2.0
0.4667167594889362,0.488,0.48292535528174624,2.0
0.23680596609039617,0.276,0.2851415054468223,2.0
0.3678796036354809,0.391,0.3931503837035557,2.0
0.06578758627576164,0.078,0.08427387706762093,2.0
0.7786819333224447,0.753,0.7383027212252563,2.0
0.08780675161767282,0.11,0.12511965603068728,2.0
0.7549390114848429,0.722,0.7236849295839768,2.0
0.8450181413729527,0.788,0.7881254264233358,2.0
0.22335418883067604,0.275,0.2601987619916894,2.0
0.0947772063914446,0.152,0.1403972794866798,2.0
0.16341963654678504,0.202,0.18324864674016686,2.0
0.058074297008077425,0.096,0.09640467825012294,2.0
0.09159532117256741,0.108,0.12303569646410105,2.0
0.5890103140725003,0.566,0.5652781289113831,2.0
0.20836254866729942,0.242,0.2279325676999479,2.0
0.38056407097598155,0.382,0.3961229886987984,2.0
0.6068058451809939,0.562,0.5725695934717405,2.0
0.2070930514736603,0.267,0.25546007524242126,2.0
0.14994865199537222,0.189,0.19827589085268837,2.0
0.6457672956971239,0.656,0.6411941130021008,2.0
0.6176610977484549,0.564,0.5867562472968478,2.0
0.1947712899258598,0.225,0.22584278090975016,2.0
0.5656644144689942,0.557,0.5489330052943691,2.0
0.06960714488041642,0.103,0.11137825306111576,2.0
0.1615772636272368,0.19,0.19947333448911983,2.0
0.28111728598805796,0.365,0.33292939186473736,2.0
0.12756503854733092,0.164,0.16297388999245166,2.0
0.13707832626671768,0.192,0.18121624445986456,2.0
0.11160344479260265,0.135,0.15235148643504295,2.0
0.577620899895861,0.583,0.5658361742617761,2.0
0.31303761707926836,0.345,0.361277438408735,2.0
0.7263376566655507,0.68,0.6779993447884185,2.0
0.5576406691595166,0.54,0.5359003890729498,2.0
0.1680158142694168,0.2,0.1972997749314273,2.0
0.06217739300528757,0.118,0.11406111492838075,1.0
0.05123431113293264,0.089,0.08109787283943155,2.0
0.09400330745994712,0.118,0.12238329437852247,2.0
0.4028012679198095,0.449,0.41691068304647444,2.0
0.48466746680310135,0.483,0.4850410245415567,2.0
0.20355667954911238,0.23,0.22416429222253909,2.0
0.5553813190462521,0.55,0.5333446282353071,2.0
0.06469197740016353,0.1,0.09420958467169922,2.0
0.7082687590586928,0.667,0.6718026372699881,2.0
0.5034119326141312,0.503,0.498014247292199,2.0
0.7952175312491407,0.716,0.7443670272205023,2.0
0.18274927247881823,0.246,0.23802282613550824,2.0
0.11688301172015148,0.155,0.14450999761034908,2.0
0.81033515447999,0.792,0.7732810745651146,2.0
0.2591593630877881,0.284,0.3015491836721855,2.0
0.31240415831661006,0.357,0.33196465663479396,2.0
0.7765651212127282,0.699,0.7320635468247809,2.0
0.3630334049078062,0.369,0.3638023903041367,2.0
0.7559023609625964,0.694,0.7131513983252397,2.0
0.49971192748408844,0.489,0.5112220270488518,2.0
0.6688548435395643,0.599,0.6281870058862897,2.0
0.6616745578240528,0.611,0.6326754523198519,2.0
0.2863777858400065,0.323,0.3234250605479828,2.0
0.12750601427169628,0.166,0.16586153614443366,2.0
0.17650404976786682,0.215,0.214329475774867,2.0
0.17556628493826032,0.225,0.22621015108400438,2.0
0.26452146507072716,0.32,0.3002067035208383,2.0
0.581388152193203,0.58,0.5572068925384035,2.0
0.7399910682574744,0.656,0.6857761795515964,2.0
0.11381035535457285,0.158,0.15343200399507334,2.0
0.3338018702081753,0.358,0.35066784052961697,2.0
0.6365812731338991,0.586,0.6175578501716559,2.0
0.10404196462963933,0.126,0.1272672450155178,2.0
0.6082612029285956,0.596,0.5950170838128296,2.0
0.0962215267485027,0.129,0.1283876058389853,2.0
0.6614121188678297,0.642,0.6334676094144137,2.0
0.4096686324663781,0.43,0.4267684745569133,2.0
0.053924999813545926,0.072,0.06605651363484073,2.0
0.32385775187386756,0.341,0.3491453012540304,2.0
0.23676965672919936,0.286,0.2738059811491747,2.0
0.17262674535246192,0.169,0.18879052545411176,2.0
0.15515318760082109,0.205,0.1946067619799391,2.0
0.168613832340623,0.199,0.20826890442307636,2.0
0.40246506814061866,0.45,0.4275487533916028,2.0
0.08545033049267559,0.113,0.11649120916822345,2.0
0.7695321589599159,0.755,0.7395928463979247,2.0
0.2579106125695285,0.288,0.29221508084055914,2.0
0.6436289829227475,0.605,0.6005418418103832,2.0
0.8359794948750175,0.792,0.7945120134958196,2.0
0.2012668743666174,0.25,0.24278957304466686,2.0
0.29950392905131584,0.322,0.32845175461247905,2.0
0.12246912961751721,0.178,0.1662262826648785,2.0
0.13700579984101502,0.186,0.18768504825013768,2.0
0.4954625314888793,0.486,0.47822338118055674,2.0
0.18797283016045852,0.228,0.22461313518032622,2.0
0.11820114177756902,0.162,0.1436063662974391,2.0
0.2343006916270658,0.277,0.2613306461552889,2.0
0.0371450771054429,0.054,0.05478792496375277,2.0
0.3981800657900355,0.415,0.41469744017202276,2.0
0.36376722561981334,0.355,0.3690993172343625,2.0
0.3046000411497205,0.341,0.3382146922815033,2.0
0.4195215642298179,0.444,0.44641335667687815,2.0
0.7810410750569515,0.745,0.7320359965181944,2.0
0.6800082524561346,0.653,0.6403111413905457,2.0
0.31283146101879844,0.327,0.33856809036521074,2.0
0.04736017391373093,0.074,0.0689213603534611,2.0
0.15255248749825767,0.195,0.1889515755619099,2.0
0.6236294996259992,0.597,0.5931488319964995,2.0
0.35244113129619803,0.386,0.38247704798642124,2.0
0.053291034868918064,0.063,0.06455571759045356,2.0
0.2717677444055847,0.314,0.3181728739717926,2.0
0.3005519981612127,0.298,0.313625234317375,2.0
0.3751202422367549,0.392,0.36821591684259536,2.0
0.309347196522439,0.327,0.3493151657555847,2.0
0.22807096894491918,0.251,0.24732348542925628,2.0
0.5187471803001376,0.517,0.4945383388372356,2.0
0.42098126614045484,0.423,0.4210803934044735,2.0
0.10821190197213104,0.134,0.14436277795752822,2.0
0.38490921632178654,0.409,0.4072617371043826,2.0
0.6115969297867861,0.58,0.5912294261692896,2.0
0.6051909573025634,0.589,0.5769965054028041,2.0
0.2908818281511584,0.341,0.3321267402842578,2.0
0.4039597685745563,0.387,0.3949485092445721,2.0
0.7976134997588178,0.732,0.7515106434800051,2.0
0.11441904574831874,0.144,0.15178763058133132,2.0
0.7674237376244338,0.725,0.733773656425753,2.0
0.0813854057144161,0.099,0.12073421984919447,2.0
0.723339822449172,0.702,0.6960991176576792,2.0
0.7079740972832065,0.681,0.6692464346347256,2.0
0.1116941877933475,0.163,0.15878007069269245,2.0
0.439306236062882,0.466,0.46493720760737545,2.0
0.04484993578730134,0.069,0.06623751879609711,2.0
0.3630249216807796,0.359,0.3605617926694197,2.0
0.04184025833396254,0.058,0.05765102934617586,2.0
0.06925615247515482,0.076,0.08280957082103224,2.0
0.09991557260072692,0.127,0.12401908960812834,2.0
0.6846528098219966,0.665,0.6523765598896117,2.0
0.2220741472570359,0.258,0.2630592158460338,2.0
0.6984535089438257,0.671,0.6725218552226897,2.0
0.10709122947359961,0.164,0.1623205223393133,2.0
0.08329846566243493,0.109,0.11413655004729228,2.0
0.5478227465050746,0.539,0.5416291366120188,2.0
0.05305921225986343,0.073,0.06967965827419116,2.0
0.30207858710804336,0.327,0.3133257977231143,2.0
0.669139110547146,0.645,0.6406082718831017,2.0
0.1076204697809583,0.161,0.15039971213864095,2.0
0.8605572574571081,0.799,0.8038381425388764,2.0
0.1713050685187476,0.205,0.19409162823776843,2.0
0.08326498297911067,0.119,0.1264151828417194,2.0
0.07054748310229508,0.084,0.09760240190535055,2.0
0.6981033666186385,0.655,0.6503654529321748,2.0
0.03414185141236281,0.051,0.053045878996246285,2.0
0.21089539367302113,0.261,0.25951428108218466,2.0
0.07625147803573695,0.094,0.10085019802303209,2.0
0.8172339821245493,0.778,0.7676644209639276,2.0
0.07114138816797566,0.121,0.09982487864492026,2.0
0.3320632359395691,0.335,0.36119225460746734,2.0
0.483062650944463,0.486,0.496994556340621,2.0
0.0551824720215538,0.077,0.07802773367089476,2.0
0.0422199200673109,0.05,0.05616558176779582,2.0
0.12100343025851412,0.167,0.1652429808964923,2.0
0.08310323498729522,0.103,0.1099764279093678,2.0
0.3407803318999514,0.364,0.3689342434817972,2.0
0.1581349304958436,0.198,0.19952742845807975,2.0
0.5327452795012404,0.498,0.5169099779209126,2.0
0.11224889803135363,0.132,0.13488505364137096,2.0
0.5575184246180869,0.54,0.5428519923596022,2.0
0.31457760214208896,0.33,0.3336641655619308,2.0
0.6577278744585262,0.647,0.6264278553118291,2.0
0.1095343378995326,0.124,0.14358288183611226,2.0
0.32262485398011254,0.327,0.34496920536159015,2.0
0.4722179111521311,0.444,0.4617193023920525,2.0
0.14810212183447047,0.194,0.1818369204749921,2.0
0.6856142376066455,0.665,0.6631483414147,2.0
0.19406732740343668,0.22,0.22951167486120924,2.0
0.7414286472019509,0.715,0.7063479461901706,2.0
0.7423098895783231,0.702,0.7087620918208922,2.0
0.787886255735224,0.718,0.740960879714813,2.0
0.20604532857723357,0.265,0.2561954320953803,2.0
0.7551502760998895,0.699,0.7108720288840326,2.0
0.09645987701735537,0.126,0.13106332939418333,2.0
0.24314156075179738,0.284,0.28732861486589334,2.0
0.4232128937370153,0.461,0.43812415996800297,2.0
0.2910355757819202,0.317,0.3442525506310317,2.0
0.3500237540975123,0.343,0.35935485881305473,2.0
0.561450993177163,0.545,0.5399245958138563,2.0
0.09844173826768465,0.135,0.1385111971306285,2.0
0.3884339202710877,0.375,0.3933438208257162,2.0
0.47947784487035894,0.489,0.48571017945643297,2.0
0.23966934525920636,0.244,0.2622138900431005,2.0
0.6726621325900344,0.619,0.6212345935116059,2.0
0.056883766173820405,0.094,0.08757380992200466,2.0
0.6205574356789778,0.606,0.5970965528125333,2.0
0.886857457179675,0.831,0.8356679582299865,2.0
0.34339055806131635,0.377,0.37180157649812234,2.0
0.407262633593909,0.434,0.4186229016564499,2.0
0.3480319361961056,0.341,0.3438855693613641,2.0
0.37907678901626896,0.386,0.38943661277774727,2.0
0.25132556866088507,0.315,0.3137482238050893,2.0
0.6541547909089074,0.637,0.6308358853116383,2.0
0.07317001081766872,0.084,0.10094848931876647,2.0
0.16261633122746977,0.179,0.19478989373279548,2.0
0.2076250005612812,0.22,0.23754693889600828,2.0
0.10983723012087154,0.153,0.1481340851446132,2.0
0.38970637413508225,0.407,0.40857659608543234,2.0
0.5418224457002819,0.474,0.5109652694595314,2.0
0.6973299162592785,0.677,0.6626933553097253,2.0
0.3146219970956097,0.349,0.3421059431766825,2.0
0.029463903925443402,0.044,0.03795013538081969,2.0
0.24197716829780624,0.272,0.27924682829072833,2.0
0.5022730435510141,0.491,0.5031583927641291,2.0
0.1027976735028363,0.138,0.13827414572226027,2.0
0.32689917344932073,0.372,0.3661468961592323,2.0
0.6138660748988962,0.586,0.5852560661780806,2.0
0.3517720925774147,0.362,0.3772515144268635,2.0
0.2678599875226867,0.304,0.3203762300228905,2.0
0.29915613671416463,0.329,0.33387392450705244,2.0
0.02982676663613193,0.036,0.04061511948090123,2.0
0.596740005444458,0.568,0.5677696318509688,2.0
0.21504801873733803,0.239,0.24863145023817318,2.0
0.16229797899857012,0.198,0.20150863640422556,2.0
0.662757230241789,0.648,0.6455439698040475,2.0
0.8308430517595018,0.759,0.7752003289858473,2.0
0.6611143413014473,0.629,0.6301201219814951,2.0
0.20107081006830163,0.242,0.25095383517600306,2.0
0.6113631556132133,0.612,0.5925696291771634,2.0
0.15356151551039365,0.166,0.18527327731104942,2.0
0.6616030166276194,0.641,0.6356819430647328,2.0
0.15332405492882173,0.21,0.20306281230165904,2.0
0.25035812687420145,0.296,0.2993222402618225,2.0
0.8918285217084484,0.861,0.8485232826478865,2.0
0.04345165997059752,0.06,0.05899212739000339,2.0
0.1516353544619592,0.188,0.2012491479649431,2.0
0.09140943525455503,0.113,0.12013030355648058,2.0
0.8396078375462342,0.779,0.7846430972049931,2.0
0.3211507034282981,0.354,0.3526959640459973,2.0
0.035629711956039034,0.048,0.046206281996054505,2.0
0.8244248153914981,0.764,0.7669375463431445,2.0
0.14631738477925138,0.18,0.17863235443257025,2.0
0.28563379422446034,0.321,0.3300412627654613,2.0
0.5570081001761781,0.549,0.549207364157843,2.0
0.2526023825036213,0.291,0.28027078622794266,2.0
0.13531261122514626,0.183,0.1784847833856965,2.0
0.5025158423527951,0.497,0.495513517822836,2.0
0.4351113246067355,0.423,0.43413625388180993,2.0
0.36407192416009515,0.39,0.3820973771468387,2.0
0.1885135524856847,0.23,0.23255072327425572,2.0
0.18137673206441252,0.22,0.22487114014998563,2.0
0.44689199740968344,0.454,0.44965339584491953,2.0
0.383732698524866,0.408,0.41206050789234017,2.0
0.27322686695577536,0.303,0.2958596122295263,2.0
0.18235547640944239,0.204,0.22203731738984822,2.0
0.318453637752538,0.318,0.32287205275248815,2.0
0.803173481015347,0.769,0.7674981070005708,2.0
0.5138807666196721,0.506,0.5180919506268664,2.0
0.36056595599693575,0.358,0.35334973579453954,2.0
0.15402197249996097,0.194,0.19574491195131904,2.0
0.49015946275706024,0.503,0.5018948900440536,2.0
0.2505187956347681,0.286,0.2789547562343796,2.0
0.7232889502499402,0.693,0.6868275324549415,2.0
0.06552611733623293,0.103,0.09310817434586112,2.0
0.6571547149885447,0.624,0.619783530806047,2.0
0.13752949331547315,0.178,0.1909526337210153,2.0
0.41519441808830027,0.405,0.427146310047733,2.0
0.0497966405985768,0.062,0.06675541650340155,2.0
0.22284826783058764,0.274,0.26574623870111985,2.0
0.13265729243795576,0.182,0.184418757102895,2.0
0.5852295348930049,0.574,0.5751390307899616,2.0
0.18032127393578912,0.244,0.22767309825742477,2.0
0.20628370694191045,0.25,0.2543152192018634,2.0
0.032649144604286584,0.052,0.049735620209270706,2.0
0.45410438699030353,0.439,0.45909678736070203,2.0
0.7133902390721324,0.707,0.6819034834885058,2.0
0.7770010275262955,0.729,0.7198547827389897,2.0
0.604215871536472,0.595,0.583315638751523,2.0
0.4577055487624211,0.436,0.4424004482711432,2.0
0.6233860472572035,0.603,0.6039574732936349,2.0
0.29709877461171386,0.328,0.3329997538904987,2.0
0.2543148503347342,0.236,0.27438540391094973,2.0
0.32308168121660463,0.343,0.3461055491221328,2.0
0.05035462161321913,0.077,0.07095843247079661,2.0
0.6121336882250485,0.595,0.5863002243621054,2.0
0.7063797456142566,0.681,0.6664646681027231,2.0
0.45083827721489866,0.477,0.47226260789210744,2.0
0.6935369662724906,0.679,0.6469088429186337,2.0
0.40752893347419583,0.41,0.41043593902817205,2.0
0.7793317018374832,0.719,0.730190940823186,2.0
0.08771266041915915,0.105,0.11946521624863218,2.0
0.036205462127221755,0.053,0.052087110392455484,2.0
0.1343509023730708,0.173,0.17783270184691666,2.0
0.1912950969238092,0.224,0.23990983223807674,2.0
0.5927404065839776,0.58,0.5819939862353438,2.0
0.03779098830125904,0.053,0.05090906915367255,2.0
0.6457256375162188,0.611,0.626239507994142,2.0
0.4284952633637289,0.459,0.45791686876455756,2.0
0.6563276680080246,0.657,0.6230591724643917,2.0
0.5827603636593086,0.553,0.5646388587532184,2.0
0.26541342591530726,0.261,0.287093160508748,2.0
0.5831447531804397,0.56,0.5615832697851075,2.0
0.1904970534120587,0.235,0.22793726631158687,2.0
0.6508939846938113,0.627,0.6258916958895642,2.0
0.156397111053324,0.201,0.1893191692486102,2.0
0.14746299088870274,0.17,0.1810312045639801,2.0
0.12339958768708348,0.196,0.1816327608969494,2.0
0.19302381147925007,0.235,0.23064972533474418,2.0
0.38820187763768776,0.402,0.4035972121113898,2.0
0.17786030868894231,0.18,0.19073503245685586,2.0
0.7612915146320299,0.703,0.7104873593621233,2.0
0.04760541650776973,0.052,0.06862359865634307,2.0
0.724706281402108,0.68,0.6752163951259651,2.0
0.18221462233293906,0.212,0.20795156335027623,2.0
0.6016154332560821,0.554,0.577268908275101,2.0
0.1081224726878387,0.157,0.13906709955256116,2.0
0.518198916585882,0.523,0.5129178517896102,2.0
0.6257192920875277,0.605,0.5969515144908101,2.0
0.15764570616217155,0.202,0.2106279386943796,2.0
0.37708112138299954,0.383,0.39453157997872695,2.0
0.11006677892464989,0.15,0.1558533779356567,2.0
0.1947328336335975,0.26,0.24668607048458743,2.0
0.6792900276674092,0.647,0.6345839962811182,2.0
0.16248106572589183,0.194,0.195036514217807,2.0
0.7305607060862445,0.694,0.6963284686912065,2.0
0.6755999272752813,0.636,0.6373153056257028,2.0
0.6020685825354153,0.579,0.569097012457376,2.0
0.37251909613817735,0.399,0.3974679501123546,2.0
0.38704716643876824,0.394,0.38077922233865497,2.0
0.17639025876199932,0.211,0.2113770195053248,2.0
0.1410795161076187,0.199,0.1933667473870327,2.0
0.18332469127487483,0.18,0.1969650791976756,2.0
0.23774797097255063,0.25,0.2713157210329718,2.0
0.2855484049147625,0.348,0.33692048704368055,2.0
0.20761243402182816,0.23,0.23855774144791358,2.0
0.4108794780215844,0.446,0.42025353081302624,2.0
0.5842828391756651,0.546,0.5663473790984199,2.0
0.5508931265009028,0.573,0.5443879076806002,2.0
0.48663274908567034,0.501,0.484377716341443,2.0
0.04092700820615913,0.061,0.05822244577860283,2.0
0.10337294470564928,0.134,0.14010577442455727,2.0
0.5603046621913692,0.548,0.5456137324441495,2.0
0.08337945741472397,0.108,0.12066841784837545,2.0
0.22402228758956955,0.289,0.260330952121025,2.0
0.3285288504337377,0.337,0.33923459027932995,2.0
0.17286764455606995,0.201,0.20602182061984875,2.0
0.3122519477688449,0.348,0.3426788371526474,2.0
0.07359947635500275,0.1,0.10464748975159385,2.0
0.3937541219059135,0.4,0.4235020415533389,2.0
0.6937351120348876,0.666,0.662400437455601,2.0
0.08407350990188678,0.124,0.10985946330005705,2.0
0.8182526362797015,0.775,0.7644066533576563,2.0
0.2950966267889883,0.344,0.3336308066239358,2.0
0.5312465458608819,0.501,0.5089450901965277,2.0
0.28757613775862956,0.311,0.3188150855740465,2.0
0.14225013463491154,0.178,0.17494065095116984,2.0
0.5307087333153173,0.525,0.5223339325155397,2.0
0.47452282124900413,0.475,0.4879474679958926,2.0
0.6908665741908174,0.649,0.6479980663060169,2.0
0.840875026413871,0.791,0.7993974667037669,2.0
0.40773638557584535,0.443,0.43829971648794414,2.0
0.14683809456174723,0.166,0.19704383738489514,2.0
0.12259783544458969,0.146,0.1476316306317878,2.0
0.1701423338311655,0.203,0.22180292675265242,2.0
0.08014186540161428,0.097,0.10063148883872208,2.0
0.7918710806635583,0.736,0.733809063262862,2.0
0.5543615091638605,0.513,0.5349609641565658,2.0
0.04926127635651745,0.09,0.07457939304350114,2.0
0.22832592086436676,0.283,0.2723995623020153,2.0
0.07658071232117325,0.088,0.09884349694090336,2.0
0.2163974776039228,0.249,0.2619614073913373,2.0
0.5095552836726497,0.516,0.4888823017101772,2.0
0.5870707578857611,0.593,0.5862322799962155,2.0
0.6849866113563403,0.681,0.6687670970557567,2.0
0.9379563960506117,0.915,0.9083730262716939,2.0
0.04261680558226699,0.058,0.06537313258055165,2.0
0.49794747295041764,0.492,0.4961098308326632,2.0
0.19192045980312555,0.234,0.2326079238140715,2.0
0.056386217064793964,0.085,0.06859634868006907,2.0
0.4036268022422065,0.432,0.4219007831989462,2.0
0.2424217039354709,0.278,0.2846800698167839,2.0
0.7314454356901118,0.705,0.6834982214176074,2.0
0.3559794763976658,0.34,0.35305476211732456,2.0
0.10563196232007321,0.155,0.1568274312615699,2.0
0.1786127875698852,0.247,0.24375663063883843,2.0
0.22008351738611232,0.267,0.2543311244003318,2.0
0.37188793317080726,0.42,0.39525968164441705,2.0
0.36068454469338407,0.393,0.39291739995231467,2.0
0.05082599436635349,0.082,0.07740951165818728,2.0
0.1363033999851334,0.175,0.16452320547545404,2.0
0.49443110070670293,0.478,0.48810992013587706,2.0
0.3676108271577343,0.371,0.3837165885666699,2.0
0.1762558440445522,0.19,0.21517509847227356,2.0
0.15256828387541355,0.182,0.18452320450173262,2.0
0.27618753474901325,0.313,0.31172068624785126,2.0
0.3046493369139137,0.332,0.35248075616187086,2.0
0.8246384480338693,0.813,0.8027894147942715,2.0
0.7489539828534381,0.695,0.6972803556564341,2.0
0.5346057389791301,0.504,0.5055541320655194,2.0
0.670988924288483,0.637,0.6377836806532955,2.0
0.46406170245056166,0.474,0.46772909552251807,2.0
0.04271524672181026,0.051,0.05483336538285638,2.0
0.42391865468867185,0.412,0.4196818977632258,2.0
0.45051350203096063,0.446,0.44739008283961884,2.0
0.6036284604759317,0.585,0.589170548580095,2.0
0.2185754115337989,0.256,0.2606926282519036,2.0
0.3538632059761174,0.375,0.37366046723693686,2.0
0.10762535226714665,0.159,0.15103453252532997,2.0
0.6437583031808314,0.652,0.6338791190890034,2.0
0.09513583743640508,0.109,0.11348586691285387,2.0
0.3601340732611992,0.393,0.3882781105914813,2.0
0.13476167770587377,0.156,0.17725954025036406,2.0
0.18607309447224818,0.245,0.2264524533648479,2.0
0.13322713273346798,0.195,0.17658753840291602,2.0
0.5315499423577554,0.5,0.521937770287719,2.0
0.11898786339705247,0.162,0.15688340809729448,2.0
0.6473310665329999,0.612,0.6272396213546196,2.0
0.7619426287022977,0.712,0.7001480145828203,2.0
0.14427857311366232,0.197,0.18520872530746052,2.0
0.04121632379822571,0.047,0.05391105962607758,2.0
0.7618140009654017,0.716,0.720979753382651,2.0
0.6932416905159261,0.674,0.6697442732895721,2.0
0.20951656203881897,0.268,0.2634567779109047,2.0
0.3531369410279682,0.36,0.3821432541565855,2.0
0.09825701309924018,0.141,0.14718181273219041,2.0
0.6479810115820273,0.635,0.6233344165773851,2.0
0.4929313179094307,0.5,0.4871766328210438,2.0
0.44504232433617097,0.468,0.4565909219065317,2.0
0.04548822298142807,0.059,0.0629686795766739,2.0
0.30856111435635525,0.318,0.3340431575523912,2.0
0.6062940104946517,0.567,0.5806205187231148,2.0
0.6023383466537471,0.587,0.5720425133458351,2.0
0.03392636734003773,0.048,0.044236844957918665,2.0
0.5920057723231293,0.587,0.5687754030559874,2.0
0.032176521727654395,0.046,0.04798934613492679,2.0
0.15451156465106342,0.185,0.1797256545123445,2.0
0.1906469173435934,0.228,0.21623165692293106,2.0
0.646485320878228,0.645,0.6254482845058721,2.0
0.15679728399971937,0.185,0.1880309802601618,2.0
0.489857876423054,0.484,0.48450464221389267,2.0
0.3888426641033931,0.373,0.3796272196468644,2.0
0.5428621455802859,0.543,0.5177449389068293,2.0
0.6631122725257454,0.629,0.6292781303741919,2.0
0.7883952150497109,0.716,0.7285616198138087,2.0
0.1713831447440456,0.2,0.19506963606132746,2.0
0.08956027818568657,0.113,0.12199132710370451,2.0
0.2913741620952409,0.313,0.31931763881139613,2.0
0.6108505527487342,0.618,0.5965691415627359,2.0
0.5117320229518548,0.532,0.5128131180408604,2.0
0.05105548947545491,0.056,0.07568472817106772,2.0
0.2227309507225912,0.269,0.25156672856787027,2.0
0.8249978422080944,0.77,0.7642554708788828,2.0
0.48552316633261816,0.488,0.48753627533963695,2.0
0.45613222717154167,0.486,0.46878498460811924,2.0
0.13247716100068074,0.163,0.18147997275152555,2.0
0.02569420496345387,0.024,0.03251657141071305,2.0
0.352093517708321,0.363,0.39026608593764867,2.0
0.32618021156065324,0.375,0.3619442283987662,2.0
0.5493293065106909,0.56,0.548379469806132,2.0
0.3058733757892358,0.309,0.3207466372617229,2.0
0.16417704587169069,0.183,0.1814111237322626,2.0
0.5686247074728756,0.585,0.5746954040619711,2.0
0.6807715002412928,0.658,0.6517444700430053,2.0
0.23066930438015687,0.284,0.27297026890940984,2.0
0.32335450264103804,0.373,0.35928902885630365,2.0
0.4986601359227014,0.497,0.49081198195627085,2.0
0.4334493335383538,0.439,0.44156333970111966,2.0
0.6049612473215953,0.607,0.5948923742159341,2.0
0.16867601084741957,0.212,0.20716583903474375,2.0
0.055144845924000596,0.08,0.0786669027789437,2.0
0.12323920980381708,0.139,0.13928862677490694,2.0
0.2552210297198372,0.284,0.28902772329444487,2.0
0.6383987602191696,0.588,0.5981680216188422,2.0
0.3731088620558485,0.38,0.41278386550964724,2.0
0.10432201388223272,0.116,0.11833398316555668,2.0
0.7670227835991139,0.697,0.7104667299086104,2.0
0.5567276438087645,0.522,0.5408516439400599,2.0
0.28471356343615184,0.348,0.33348144046528017,2.0
0.5045021086539642,0.5,0.4969037117943354,2.0
0.1602639031714823,0.168,0.19824115364883474,2.0
0.41053741176157643,0.395,0.41322123232597063,2.0
0.24356176774155291,0.318,0.29669464681661833,2.0
0.07117378394628193,0.09,0.09737128860413159,2.0
0.22170802311573068,0.244,0.25005347870359185,2.0
0.10849476692215121,0.159,0.15959308513944884,2.0
0.1597799230465473,0.233,0.2261745965970146,2.0
0.06984069750958088,0.095,0.08985797331915296,2.0
0.7723806519169361,0.724,0.725932285892626,2.0
0.08001914083173689,0.115,0.11040130521024993,2.0
0.11010385081208696,0.169,0.15629044685243695,2.0
0.4976226293858115,0.48,0.5050517586351202,2.0
0.3103746118172819,0.328,0.3350913144536706,2.0
0.43955227151837384,0.461,0.45049735421336234,2.0
0.07082481113532002,0.1,0.09807013790316657,2.0
0.45675942340901676,0.459,0.4586582070711281,2.0
0.7895091496572778,0.747,0.737547464127107,2.0
0.4101630105991787,0.443,0.42370426920640386,2.0
0.5848173458759246,0.596,0.5759295201812045,2.0
0.6148598541335475,0.576,0.6004430797420202,2.0
0.21455691369834085,0.25,0.24544830135692386,2.0
0.137227013737804,0.151,0.16171674428895355,2.0
0.30145397882835157,0.345,0.3309142681901902,2.0
0.8860979931958067,0.835,0.831319392078869,2.0
0.32870281781790456,0.35,0.3600676452746525,2.0
0.14148192128062465,0.18,0.1590805759593817,2.0
0.6467704330601404,0.61,0.615569508432693,2.0
0.23609307490669418,0.26,0.27156343668385236,2.0
0.6375943061766938,0.614,0.6177604908946771,2.0
0.036253163696539414,0.068,0.05378152497907117,2.0
0.3226563140636135,0.316,0.3339182048975832,2.0
0.7922177828513262,0.74,0.732785794166738,2.0
0.09182059222653638,0.118,0.12276689874143593,2.0
0.3560967411867336,0.376,0.37535971815533103,2.0
0.5060762538770557,0.503,0.5000046940930422,2.0
0.5752178651807065,0.539,0.5491091754267262,2.0
0.1642966301682588,0.196,0.2076048513779537,2.0
0.23375728217995095,0.265,0.2627285343680952,2.0
0.05821642094189872,0.079,0.08452826526158576,2.0
0.04163730278222366,0.063,0.05985422570220151,2.0
0.294763823063545,0.329,0.3152775597115364,2.0
0.17582880560233582,0.192,0.21411959807521988,2.0
0.4476679832758972,0.45,0.4360712063394325,2.0
0.08469805739369252,0.126,0.12844339331073093,2.0
0.1512215775025333,0.209,0.19313118530853243,2.0
0.11513442857258183,0.187,0.17280456514932255,2.0
0.0668609069574394,0.087,0.09262019356882656,2.0
0.44678423520699007,0.469,0.4608356175324612,2.0
0.0916173847518914,0.127,0.12742797469482128,2.0
0.5491224857893366,0.539,0.5305377894994617,2.0
0.38712585182218917,0.405,0.3922791330233614,2.0
0.04298868535452227,0.06,0.06728436805075176,2.0
